time taskset -c 0-127 ./rbm-matfree-N32-M64-K2-opt -c 128 --model hs -h 0 -n 40 -m 400 --tol 1e-4 --load-rbm xxzN32M64K2.mat --seed 2131610815
Random seed is 2131610815
-1.64513 -1.61157
-1.64812 -1.61807
-1.64812 -1.60954
-1.64907  -1.6222
-1.64935 -1.62338
-1.64968 -1.62478
-1.65008 -1.62612
 -1.6503 -1.62733
 -1.6505 -1.62802
-1.65074 -1.62892
-1.65096 -1.62937
-1.65102 -1.62974
-1.65129 -1.63047
 -1.6514 -1.63081
-1.65161 -1.63116
-1.65077 -1.61305
-1.65147 -1.62379
-1.65186 -1.62854
-1.65174  -1.6283
-1.65114 -1.48431
 -1.6512 -1.49511
 -1.6506 -1.54876
-1.65137 -1.57883
-1.65156 -1.60137
-1.65194 -1.61271
-1.65183 -1.60751
-1.65219 -1.61885
-1.65231 -1.62389
-1.65234 -1.62739
-1.65246 -1.62859
-1.65245 -1.62983
-1.65258 -1.63023
-1.6526 -1.6308
-1.65268 -1.63103
-1.65268 -1.63144
-1.65275 -1.63179
-1.65272   -1.632
-1.65265 -1.63167
-1.65279 -1.63237
-1.65283 -1.63251
<sx(0) sx(i)> =
    1.00006     1.00007
  -0.614821     -0.5753
   0.227261    0.212822
  -0.189708   -0.145451
   0.119589   0.0845961
  -0.109838  -0.0598469
  0.0882092   0.0359732
 -0.0835162  -0.0232254
  0.0678538    0.020198
 -0.0603317 -0.00883191
   0.054418 -0.00778998
  -0.052682   0.0201765
  0.0551194  -0.0262116
  -0.048616   0.0274161
  0.0464564  -0.0242108
 -0.0482145   0.0283434
  0.0444451   -0.024555
  -0.046014    0.032819
  0.0490191  -0.0271253
 -0.0488126   0.0310955
  0.0480096  -0.0255594
 -0.0517711   0.0212299
  0.0516944   -0.016067
 -0.0568453     0.00522
  0.0654076  0.00919809
 -0.0797571  -0.0196205
  0.0863898   0.0384338
  -0.109082  -0.0626367
   0.125297   0.0889932
  -0.181809   -0.149851
   0.226481    0.201225
  -0.571703   -0.577383
<sz(0) sz(i)> =
         1          1
 -0.611423  -0.585843
  0.223179   0.225923
 -0.166817  -0.184472
  0.107635   0.131506
 -0.106311  -0.101658
 0.0892537  0.0832072
-0.0965025 -0.0710757
 0.0709788  0.0468727
-0.0577532 -0.0356062
 0.0403428  0.0286025
 -0.031982 -0.0177055
 0.0369838  0.0262975
-0.0420673 -0.0171514
 0.0512165  0.0177679
-0.0557979 -0.0049443
 0.0418012 0.00554255
-0.0508069 -0.0141541
 0.0509341  0.0200034
-0.0562293  -0.039591
 0.0652141  0.0441218
-0.0656966 -0.0351628
 0.0625649  0.0408726
-0.0677182 -0.0507584
 0.0669429  0.0582134
-0.0704517  -0.072517
 0.0613816  0.0826419
 -0.087313  -0.111437
  0.105976   0.130196
 -0.165476  -0.179914
  0.222443   0.236659
   -0.5661  -0.595541

real    241m43.362s
user    30931m4.584s
sys     0m4.252s
