time taskset -c 0-127 ./rbm-matfree-N64-M128-K2-opt -c 128 --model hs -h 0 -n 199 -m 400 --tol 1e-5 --reglam-init 1 --reglam-decay 0.9 --reglam-cutoff 0.01 --load-rbm xxzN64M128K2.mat --seed 1767638977
Random seed is 1767638977
-1.63426 -1.61784
-1.63575 -1.62096
-1.63663 -1.62265
-1.63728 -1.62387
-1.63787 -1.62488
-1.63835 -1.62616
-1.63874 -1.62708
-1.63912 -1.62806
-1.63967  -1.6289
-1.63973 -1.62946
-1.64012    -1.63
 -1.6405 -1.63067
-1.64086 -1.63142
-1.64132 -1.63221
-1.64128 -1.63253
-1.64179 -1.63308
-1.64198 -1.63352
-1.64228 -1.63412
-1.64239 -1.63444
-1.64262 -1.63468
 -1.6428 -1.63521
-1.64302 -1.63547
-1.64317 -1.63599
-1.64322 -1.63631
-1.64359  -1.6366
-1.64362  -1.6369
-1.64373 -1.63708
-1.64389  -1.6373
-1.64398 -1.63757
-1.64432 -1.63804
-1.64438  -1.6382
-1.64443 -1.63817
-1.64444 -1.63857
 -1.6445 -1.63852
-1.64479 -1.63883
-1.64496 -1.63908
-1.64494 -1.63926
-1.64516 -1.63928
-1.64526 -1.63937
-1.64403 -1.62354
-1.64366 -1.62847
-1.64486 -1.63774
-1.64504 -1.63894
-1.64452 -1.63664
-1.64549 -1.63947
-1.64556 -1.63996
-1.64545 -1.63993
-1.64562 -1.64003
-1.64564 -1.64024
-1.64582 -1.64028
-1.64568 -1.63999
-1.64594 -1.64032
-1.64592 -1.64033
-1.6458 -1.6402
-1.6456 -1.6395
-1.64603  -1.6403
-1.64492 -1.63025
-1.64409 -1.63532
-1.64561 -1.63883
-1.64557 -1.63915
-1.64602  -1.6403
Converged after 61 steps.
<sx(0) sx(i)> =
   0.999578    0.998703
   -0.58768   -0.597272
   0.238354    0.224132
   -0.18417   -0.168586
   0.118948    0.114836
  -0.107926  -0.0918065
  0.0834199   0.0719842
 -0.0777534  -0.0735113
  0.0637539    0.065838
 -0.0666108  -0.0531875
  0.0489367   0.0389105
 -0.0474704  -0.0303546
  0.0422921   0.0268374
 -0.0408586  -0.0156671
  0.0373701  0.00928627
 -0.0268609   -0.017431
  0.0318535   0.0089509
  -0.031587 -0.00310269
  0.0274145 -0.00021805
  -0.031951  0.00307806
  0.0247684 -0.00477578
 -0.0177872   0.0064601
   0.021802 -0.00768826
 -0.0239908   0.0103358
  0.0213696  -0.0207794
 -0.0212829   0.0258144
   0.016823  -0.0239694
 -0.0186341   0.0200365
  0.0181133   -0.020897
 -0.0255572   0.0337488
  0.0259289  -0.0269679
 -0.0188162   0.0211586
   0.022266  -0.0194233
 -0.0148522   0.0204446
  0.0152971  -0.0171271
 -0.0154875   0.0240847
  0.0185824  -0.0169503
 -0.0230393   0.0123461
  0.0185385  -0.0212963
 -0.0240865   0.0218561
   0.024899  -0.0149852
 -0.0228077   0.0127493
  0.0199382   -0.011988
 -0.0241287   0.0135916
  0.0246416  -0.0109295
 -0.0249688  0.00558853
  0.0247886 -0.00121662
 -0.0281634 4.09092e-06
  0.0249521  0.00372625
 -0.0276079 -0.00825457
   0.029419   0.0123927
 -0.0299918  -0.0191879
    0.03962   0.0181048
 -0.0433958  -0.0205155
  0.0442057   0.0331084
 -0.0502238  -0.0436175
    0.05393   0.0489989
 -0.0659778  -0.0644343
  0.0771305   0.0745965
  -0.102075   -0.104498
   0.113573    0.127144
  -0.162035   -0.182919
   0.223274    0.231337
  -0.603321   -0.584036
<sz(0) sz(i)> =
    0.999578     0.998703
   -0.565359    -0.587102
    0.197904     0.211628
    -0.15841    -0.129676
    0.103374    0.0842434
   -0.110032   -0.0977804
   0.0968779    0.0832392
  -0.0862504   -0.0592574
   0.0686831    0.0485435
  -0.0648514   -0.0488204
   0.0433253    0.0149951
  -0.0280421   0.00515144
    0.014031   -0.0103592
 -0.00742851    0.0206707
  -0.0165865   -0.0263823
   0.0130864    0.0343745
 -0.00747451   -0.0246739
  -0.0134256  -0.00423062
   0.0354333    0.0265589
  -0.0213514   -0.0166955
   0.0236851   0.00291644
  -0.0226821   0.00483053
   0.0165962  -0.00171343
  -0.0651158   -0.0285561
    0.062094   0.00778879
  -0.0348012  -0.00265969
   0.0381838   0.00650369
  -0.0350141 -0.000806202
   0.0427549   0.00392474
  -0.0198124    0.0335233
  0.00064679   -0.0311546
  -0.0212137    0.0187918
   0.0278704   -0.0111907
  -0.0249321 -0.000185116
    0.017669   -0.0397784
  -0.0105058    0.0639433
  0.00133049   -0.0235571
 -0.00837474     0.025406
  0.00376681    -0.042009
  0.00185219    0.0323275
   0.0251544    -0.018631
  -0.0435883    -0.012857
   0.0467018     0.020681
  -0.0400652  -0.00790357
   0.0522345    0.0156561
  -0.0362436   0.00116545
 -0.00415462   -0.0188532
 -0.00890437      0.00492
   0.0347514    0.0209517
  -0.0468419    -0.041791
   0.0385967    0.0477705
  -0.0297532   -0.0552468
   0.0323104    0.0362442
  -0.0221194  -0.00178686
  0.00881838   0.00145506
  -0.0349293   -0.0413207
   0.0583315    0.0553013
  -0.0568963   -0.0438459
    0.062275    0.0521391
  -0.0880613   -0.0872512
    0.109619    0.0893652
   -0.150809    -0.152238
    0.196011     0.202973
   -0.586729    -0.562763

real    338m29.696s
user    43278m22.736s
sys     0m12.994s
