---- PRETRAINING ----
time taskset -c 0-127 ./rbm-matfree-N128-M512-K2-opt -c 128 --model xxz -h 0 -n 20 -m 400 --tol 1e-3 --reglam-init 40 --reglam-decay 0.9 --reglam-cutoff 0.2 --dump-rbm xxz2 --minres-rtol 1e-8
Random seed is 3028331449
-0.942141 -0.926851
-1.03122 -1.00765
-1.11182 -1.08389
-1.18681  -1.1581
-1.26094 -1.22957
-1.33262 -1.30072
-1.39475 -1.36428
-1.44869 -1.41716
-1.49129  -1.4605
-1.52699 -1.49741
-1.55686 -1.52701
-1.58095 -1.55329
-1.60311 -1.57628
-1.62137 -1.59624
-1.6353 -1.6123
-1.64901 -1.62675
-1.66099 -1.64073
-1.67187 -1.65152
-1.68137 -1.66282
-1.68968 -1.67197
<sx(0) sx(i)> =
       1        1
0.703151 0.686906
0.443921 0.436815
0.455034 0.438982
0.442938 0.428649
0.445091 0.432754
0.447896 0.442387
 0.45781 0.447218
0.456607 0.439479
0.450288 0.440837
0.455972  0.44164
 0.45414 0.435651
0.452598 0.433694
 0.44868 0.435881
0.449478 0.431965
 0.45279 0.426176
0.458335 0.437101
0.462144 0.444206
0.461569 0.447063
0.462656 0.452058
0.461206 0.446774
0.457597 0.443079
0.451544 0.436897
0.449558 0.426272
 0.45624 0.429233
 0.45779  0.43648
0.459829 0.441471
0.456234 0.443666
0.455385 0.438457
0.461188 0.438148
0.461831 0.443872
0.454668 0.444223
 0.45623 0.448726
0.460481 0.446398
0.457391  0.44128
0.453019 0.440381
0.454375 0.441134
0.455098 0.440821
0.451068 0.442038
0.453005 0.440187
0.457118 0.439937
0.456068 0.445128
0.456902 0.444931
0.459028 0.443254
0.460431 0.445411
0.457078 0.443572
0.457166 0.440561
0.457934 0.440389
0.449638 0.429212
0.439373 0.412928
0.425909 0.388503
0.418332 0.371976
0.412186 0.361416
0.418375  0.37323
 0.43048 0.391987
0.445443  0.41265
0.450512  0.43602
0.453022 0.444397
0.456861 0.441525
0.454243 0.436995
 0.45119 0.436983
0.457006 0.433589
0.459444 0.439342
0.460279 0.448117
0.463304 0.447881
0.462557 0.441379
0.452911 0.427907
0.440737 0.407514
0.422146 0.374098
0.396896 0.334226
0.374341 0.286747
0.351721 0.254621
0.337285 0.233889
0.343956 0.240675
0.367722 0.270343
0.398964  0.33176
0.424626 0.380444
0.445096 0.417634
 0.44944  0.43854
0.453354 0.446332
0.452002 0.440661
0.443728 0.430315
 0.44644 0.424394
0.451816 0.428052
0.449818 0.426093
0.445653 0.428329
0.453488 0.434883
0.459734 0.444321
0.458724 0.444861
0.454961 0.435873
0.447315 0.421402
0.443662  0.41805
0.442877 0.421536
0.451382 0.424263
 0.45438 0.434683
0.458355 0.440089
 0.46517 0.448628
0.463984 0.452228
0.464876 0.448201
0.460836 0.444763
0.457188 0.446769
0.455371 0.447616
0.452491 0.444664
0.451562 0.436988
0.448159 0.432876
 0.44821 0.425116
0.447298 0.418514
0.443229 0.416005
0.444939 0.417446
0.443437 0.418228
0.443961 0.420761
0.452853 0.429209
0.454748 0.432166
0.452354 0.435582
0.455446 0.443501
0.458807 0.446405
0.460248 0.441835
0.454964 0.442102
0.451247 0.440367
0.445806 0.434648
0.440054 0.419441
0.437454 0.412021
0.440044 0.425453
0.442028 0.432498
0.449644 0.435418
0.467808 0.451261
0.459876 0.447604
 0.70497 0.683619
<sz(0) sz(i)> =
           1            1
   -0.516159    -0.498646
    0.195309     0.187152
   -0.106989   -0.0953552
   0.0419326    0.0405674
  -0.0161309   -0.0212519
    0.023937    0.0292661
  -0.0150658   -0.0239186
  0.00139056   0.00841413
   0.0026178  -0.00164124
 0.000258963   0.00505354
 0.000640004   0.00514125
 -0.00271924  -0.00325732
  0.00394353   0.00371272
 -0.00207052   0.00800802
-9.66727e-06    0.0018456
 -0.00507062  -0.00254657
  0.00728131 -0.000289118
 0.000329569   0.00564699
   0.0088797   0.00561248
 -0.00701322  0.000177284
 9.44624e-05  -0.00431321
 -0.00415774    0.0041968
-0.000360897  -0.00542035
  0.00171379  0.000864336
  0.00083092  -0.00172936
  0.00209428  -0.00795365
   0.0097736   0.00354671
 -0.00921411  -0.00777808
  0.00475009   0.00306241
 0.000157925  -0.00144699
   0.0028236   0.00444202
 -0.00817269   0.00231332
  0.00196213  -0.00137619
  0.00236635   0.00294615
  0.00152349 -5.17066e-08
 -0.00171665  -0.00215054
-0.000511887  -0.00159749
   0.0032667   0.00583487
 -0.00207233   -0.0129667
 -0.00289483   0.00332452
  0.00582937  -0.00215749
 -0.00438159  -0.00436841
  -0.0026947  -0.00250061
 0.000628555   0.00429332
 -0.00282767  -0.00779733
-0.000461337   0.00608634
  0.00262521  -0.00481271
 -0.00847644   0.00171862
  0.00373334    0.0006026
 0.000763121    0.0107213
 -0.00126561  -0.00154689
 -0.00593026   0.00827401
 -0.00458558   0.00610901
 -0.00188489   0.00106457
 -0.00369607   0.00725076
  0.00305038  0.000230872
 -0.00779869  -0.00767006
  0.00848076   0.00648018
 -0.00859516  -0.00585797
  0.00467971     0.010789
  0.00411809 -0.000914967
  0.00582109  -0.00359452
 -0.00293603   0.00539697
-0.000266312   0.00261006
  -0.0024293  -0.00139883
 0.000221381   0.00329424
 -0.00249526  3.43269e-05
 -0.00317956 -0.000882942
   0.0084732    0.0096518
  -0.0042722   0.00466282
 -0.00668941     0.012041
  -0.0004801    0.0036051
  0.00119997    0.0104407
 -0.00739181   0.00383712
  0.00241502    0.0107881
 -0.00317055  -0.00452476
  0.00152866    0.0105416
  -0.0107919  -0.00580968
  0.00392051   0.00619668
  -0.0041872  -0.00917218
    0.002267  -0.00750137
 -0.00364737  -0.00186044
  0.00616517  -0.00429017
  0.00231217   0.00483627
  0.00711121  -0.00375183
-0.000453254  -0.00880456
 -0.00624162  -0.00254744
 0.000131569  0.000219994
  0.00237664   0.00551399
 -0.00301814   0.00629939
  0.00209655   0.00356751
 -0.00694957  0.000660509
 -0.00481346  -0.00448341
  0.00807305   0.00524727
  -0.0151749  -0.00216885
  0.00678894   0.00813293
  -0.0108214    -0.016913
  0.00564965   0.00724098
 -0.00301759  -0.00721679
  0.00221379   0.00372371
  0.00286274  -0.00489399
 -0.00020233   0.00910858
 -0.00567056   -0.0191341
  0.00281435   0.00644346
  0.00563416  -0.00692323
  0.00384492   0.00595977
 -0.00222575  -0.00429769
  0.00570201   -0.0033192
  0.00783141   -0.0054486
 -0.00387806    -0.006161
-0.000631307  -0.00198588
 -0.00323194  -0.00586962
 -0.00423917  -0.00771396
   0.0008465     0.007591
  0.00622807  0.000139113
 -0.00177324  -0.00650801
-7.52248e-05   0.00140335
 -3.3046e-05 -0.000123204
   0.0103526   0.00453026
  -0.0117048   -0.0164202
 -0.00510924   -0.0160626
   0.0208571    0.0185179
  -0.0162845   -0.0246921
   0.0372197    0.0456319
   -0.103105    -0.102403
     0.20094     0.184177
   -0.507716    -0.485135

real    288m10.198s
user    35922m46.660s
sys     2m5.597s

----- TRAINING #1 -----
liuchang@node38:~/rbm-code/c$ time taskset -c 0-127 ./rbm-matfree-N128-M512-K2-opt -c 128 --model hs -h 0 -n 100 -m 400 --tol 1e-4 --reglam-init 40 --reglam-decay 0.9 --reglam-cutoff 0.2 --load-rbm xxz2N128M512K2.mat --minres-rtol 1e-9 --apply-gauge --seed 2261047157 --dump-rbm hs2
Random seed is 2261047157
-1.55378 -1.53662
-1.55642 -1.53971
-1.55759 -1.54185
-1.55986 -1.54482
-1.56244 -1.54723
-1.56417 -1.54909
-1.56605 -1.55162
-1.56818  -1.5548
-1.57053 -1.55732
-1.5734   -1.56
 -1.5758 -1.56296
-1.57853  -1.5664
-1.58178 -1.56901
-1.58414 -1.57265
 -1.5865 -1.57489
 -1.5896 -1.57847
-1.59212 -1.58083
-1.59476 -1.58416
-1.59762 -1.58671
-1.60038 -1.58996
-1.60265 -1.59276
-1.60543 -1.59536
-1.60739 -1.59766
-1.60993 -1.60037
-1.61197 -1.60291
-1.61434 -1.60543
-1.6161 -1.6072
-1.61811 -1.60958
  -1.62 -1.6116
-1.62156 -1.61344
-1.62313 -1.61519
-1.62457 -1.61681
 -1.6259 -1.61822
-1.62753 -1.61977
-1.62831 -1.62105
-1.62939 -1.62253
-1.63072  -1.6236
-1.63161 -1.62482
-1.63243 -1.62567
-1.63318  -1.6266
-1.63392 -1.62761
-1.63474 -1.62847
-1.63544 -1.62911
-1.63614 -1.62994
-1.63663  -1.6306
-1.63708 -1.63115
-1.63761 -1.63179
-1.63816 -1.63229
-1.63854 -1.63286
-1.63887 -1.63329
-1.63914 -1.63362
-1.63965 -1.63424
   -1.64 -1.63451
-1.64016 -1.63482
-1.64051 -1.63527
-1.64067 -1.63547
-1.64093 -1.63579
-1.64109 -1.63621
-1.64127 -1.63643
-1.64148  -1.6366
-1.64162 -1.63675
-1.64172 -1.63713
-1.64183 -1.63723
-1.64192 -1.63742
-1.64204 -1.63757
-1.64209 -1.63778
 -1.6423 -1.63793
-1.64232  -1.6381
-1.64248 -1.63826
 -1.6425 -1.63843
-1.64261 -1.63846
-1.64269 -1.63864
-1.6428 -1.6388
-1.64273 -1.63886
Converged after 74 steps.
<sx(0) sx(i)> =
           1            1
   -0.589865    -0.590287
    0.231662     0.231017
   -0.185501    -0.187649
    0.132074      0.13542
   -0.121803    -0.125845
     0.10131      0.10509
    -0.10138   -0.0965914
   0.0887823    0.0862059
  -0.0872023   -0.0855182
   0.0773488    0.0821916
  -0.0767917   -0.0819941
   0.0724334    0.0725804
   -0.072473    -0.079992
   0.0716423    0.0769008
  -0.0685755   -0.0712431
   0.0765255    0.0765074
  -0.0815578   -0.0731653
   0.0779175    0.0724734
  -0.0708986   -0.0775194
   0.0676398    0.0766437
    -0.07166   -0.0781765
   0.0752643    0.0756267
  -0.0725397   -0.0738139
   0.0715682    0.0753773
  -0.0704461   -0.0793777
   0.0697419    0.0806376
  -0.0732688   -0.0738217
   0.0732201    0.0721321
  -0.0805612    -0.077572
   0.0839958    0.0739907
  -0.0790319   -0.0765952
   0.0765045    0.0754588
  -0.0736964   -0.0743568
   0.0705885    0.0705936
   -0.071634   -0.0713126
   0.0698436    0.0724921
  -0.0685332   -0.0723035
    0.066008    0.0744591
  -0.0659608   -0.0764612
   0.0674061    0.0670452
  -0.0698202   -0.0667769
   0.0708318    0.0667748
  -0.0658879   -0.0593327
   0.0640911    0.0609091
  -0.0621136   -0.0636975
   0.0614236    0.0603291
   -0.062454   -0.0515234
   0.0600713    0.0462066
  -0.0614976   -0.0390521
   0.0582457    0.0424276
  -0.0506584    -0.044271
   0.0508846    0.0409251
  -0.0466999   -0.0318296
   0.0460414    0.0277266
   -0.046265   -0.0251669
    0.043993    0.0208168
  -0.0453957   -0.0147968
   0.0487181    0.0110409
  -0.0448553  -0.00706416
   0.0460771   0.00497784
  -0.0376504  -0.00543589
   0.0375591  0.000679473
  -0.0440774 -0.000355226
   0.0399091  -0.00202135
  -0.0441426  -0.00407968
   0.0436892    0.0056895
  -0.0433253   0.00193711
   0.0381563  -0.00389123
  -0.0345471   0.00399956
   0.0398213  -0.00272685
  -0.0424108   0.00412664
   0.0395215  -0.00257969
  -0.0448437  -0.00477029
    0.043426    0.0109587
  -0.0446863    -0.017192
   0.0495494    0.0150303
  -0.0514076   -0.0147358
   0.0551333    0.0245231
   -0.054823   -0.0341217
   0.0548504    0.0304548
  -0.0586116   -0.0331869
   0.0605218    0.0446165
  -0.0681678   -0.0848635
   0.0686257    0.0864942
  -0.0608306   -0.0629923
   0.0617351    0.0551252
  -0.0643331   -0.0536695
    0.066088    0.0629194
  -0.0652202   -0.0743002
   0.0731047    0.0704844
  -0.0744123   -0.0661819
   0.0728879    0.0664427
  -0.0731036    -0.073944
   0.0689445    0.0755402
  -0.0729586   -0.0772145
   0.0726401    0.0918018
  -0.0719249   -0.0784409
   0.0735508    0.0723872
  -0.0781267   -0.0752393
    0.073598    0.0721169
   -0.075419   -0.0840843
   0.0744187    0.0796655
  -0.0740295    -0.067867
    0.070147    0.0684741
  -0.0709398   -0.0715216
   0.0722135    0.0665151
  -0.0724963   -0.0656303
     0.07349    0.0680185
  -0.0730395   -0.0712324
   0.0771356    0.0686562
  -0.0851189   -0.0669206
   0.0826727    0.0652529
   -0.078651   -0.0680427
   0.0800004    0.0696992
  -0.0782936   -0.0698422
   0.0781564    0.0713973
  -0.0813393   -0.0771939
   0.0816937    0.0756665
  -0.0851925   -0.0764967
   0.0874178    0.0834384
  -0.0965257   -0.0947258
   0.0958257    0.0965558
   -0.115364    -0.116119
    0.129182     0.130845
    -0.18443    -0.184409
    0.225841     0.230179
   -0.594553    -0.598185
<sz(0) sz(i)> =
           1            1
   -0.587232    -0.587065
    0.223678     0.219877
   -0.172705    -0.163076
    0.119459     0.114291
   -0.101723   -0.0955422
   0.0784407    0.0725358
  -0.0805909   -0.0747998
   0.0641742    0.0663336
    -0.04837   -0.0528409
   0.0450763    0.0341424
  -0.0448283    -0.042203
   0.0332471    0.0402685
  -0.0236502   -0.0278342
   0.0177918    0.0266222
  -0.0188299   -0.0203888
   0.0251369    0.0220115
  -0.0210178    -0.026326
    0.017322    0.0249437
   -0.013234   -0.0157503
  0.00828579   0.00765171
  -0.0104841  -0.00467218
 0.000849018  -0.00202089
  0.00484639   0.00441143
 -0.00376397  -0.00182197
  0.00528147   0.00249196
  -0.0119304  -0.00662432
   0.0104161   0.00868543
 -0.00708041  -0.00401334
   0.0105772   0.00911035
 -0.00395612  -0.00241107
 -0.00550328  -0.00965297
  0.00242415   0.00909929
 -0.00328059  -0.00668035
  0.00460066   0.00481341
   0.0075194  0.000996227
 -0.00832707  -0.00632137
 -0.00577615  -0.00141135
   0.0035446   0.00368196
   0.0010519    0.0045731
 -0.00325086  -0.00596789
-0.000222622   0.00756637
 0.000206652   0.00135585
   0.0099314  -0.00321265
 -0.00806406   0.00642343
  0.00555047  -0.00363641
  -0.0141595  -0.00853582
   0.0110984     0.012261
 -0.00193642  -0.00216514
 -0.00417694  -0.00469025
   0.0177809    0.0104222
  -0.0158346  -0.00990761
  0.00115425   0.00552544
-0.000770993  -0.00254932
 0.000671456   0.00718011
 -0.00803662   -0.0103228
  0.00657875    0.0158431
 -0.00443027   -0.0222885
    0.010171     0.016079
  0.00158723  -0.00709505
 -0.00238948   0.00649104
   0.0032639  -0.00474827
 -0.00929156  -0.00117719
  0.00466077   0.00139392
   0.0049346  -0.00255179
 -0.00368838  0.000641503
  0.00697769   0.00673325
  -0.0152603   -0.0114975
  0.00617117    0.0018757
  0.00642026   0.00932193
  -0.0141982   -0.0085362
  0.00981475   0.00893525
 -0.00766535  -0.00635809
  0.00756142    0.0122433
 -0.00814312   -0.0118959
  0.00496197 -7.91558e-05
  0.00480206    -0.004763
-0.000611462   0.00924427
 -0.00514103  -0.00731991
  0.00204788   0.00838181
 0.000102348  0.000874215
  0.00646404   0.00326253
 -0.00694937  -0.00808969
  0.00140231   0.00543362
 -0.00398093  -0.00570657
  0.00868494   0.00455725
  -0.0114704  -0.00278741
   0.0162694 -0.000605312
  -0.0011854   0.00946665
  -0.0134026   -0.0150739
   0.0113351    0.0140555
 -0.00611273  -0.00662164
   0.0019282 -0.000873512
 -0.00390302 -0.000159477
 -0.00154919    -0.003568
 -0.00375676  -0.00136043
   0.0173328   0.00661247
  -0.0109485  -0.00381712
-0.000477595  -0.00366303
 -0.00025217  -0.00537283
  0.00217115   0.00525072
 0.000830549   0.00108351
 -0.00431373   0.00513404
  0.00404681  -0.00510149
 -0.00772186   0.00147186
  0.00855307   0.00691568
 -0.00228573 -0.000956459
 -0.00308987  -0.00284763
  0.00450976   0.00275586
 -0.00567756   -0.0093615
   0.0113557   0.00946461
  -0.0171942   -0.0159699
   0.0266185    0.0221706
  -0.0288656   -0.0260563
    0.031355    0.0320825
  -0.0310617   -0.0366726
   0.0332505    0.0350308
  -0.0397255   -0.0303917
   0.0442732    0.0341643
  -0.0524337   -0.0393241
   0.0488769    0.0395215
  -0.0582659   -0.0607966
   0.0726092    0.0762189
  -0.0886692   -0.0906667
    0.109732     0.113237
    -0.18005    -0.176786
    0.234479     0.230834
   -0.597649    -0.596608

real    1346m47.624s
user    166126m43.534s
sys     7m21.011s

----- TRAINING 2 -------
time taskset -c 0-127 ./rbm-matfree-N128-M512-K2-opt -c 128 --model hs -h 0 -n 100 -m 400 --tol 1e-5 --reglam-init 40 --reglam-decay 0.9 --reglam-cutoff 0.2 --load-rbm hs2N128M512K2.mat --dump-rbm hs21 --lrate-init 0.001 --apply-gauge --inverse-gauge
Random seed is 1255497898
-1.64279 -1.63883
-1.64287 -1.63899
 -1.6428 -1.63894
-1.64287 -1.63897
-1.64287 -1.63898
-1.64283 -1.63899
-1.64284 -1.63896
-1.64294 -1.63903
-1.64289  -1.6391
-1.64286 -1.63909
-1.64294 -1.63905
-1.64287  -1.6391
-1.64288 -1.63905
-1.64291 -1.63904
-1.64289 -1.63914
-1.64294 -1.63916
-1.64294 -1.63914
-1.64296 -1.63919
-1.64291 -1.63932
-1.64292 -1.63918
-1.64286 -1.63918
-1.64298 -1.63918
-1.64288 -1.63922
-1.64292 -1.63929
-1.64297 -1.63929
-1.64295 -1.63935
-1.64298 -1.63934
-1.64298  -1.6393
-1.64296 -1.63937
-1.64296 -1.63941
  -1.643 -1.63931
-1.64297 -1.63939
  -1.643 -1.63942
-1.64297 -1.63946
-1.64293 -1.63944
-1.64301 -1.63941
-1.64304  -1.6395
-1.64303 -1.63955
-1.64304 -1.63949
-1.64305 -1.63953
-1.64308 -1.63962
-1.64309 -1.63961
-1.64299  -1.6396
-1.64305 -1.63957
-1.64303 -1.63948
 -1.6431 -1.63964
 -1.6431 -1.63966
-1.64307 -1.63956
-1.64316 -1.63966
-1.64307 -1.63963
-1.64307 -1.63969
-1.64317 -1.63969
-1.64317 -1.63974
-1.64316 -1.63973
-1.64313  -1.6397
-1.64317 -1.63972
-1.64314  -1.6398
-1.64322  -1.6398
-1.64312 -1.63971
-1.64326 -1.63987
-1.64322 -1.63984
-1.64327 -1.63984
-1.64321 -1.63995
-1.64319 -1.63993
-1.64325    -1.64
-1.64331    -1.64
-1.64328 -1.63995
-1.64331 -1.64001
Converged after 68 steps.
<sx(0) sx(i)> =
          1           1
   -0.60546   -0.598748
    0.23845    0.236164
  -0.197071   -0.194247
    0.12904    0.129094
  -0.142473   -0.130857
   0.124802    0.112295
  -0.100391  -0.0917696
  0.0853628   0.0851395
  -0.140545   -0.116471
    0.26038    0.171579
  -0.163268   -0.122544
  0.0794395   0.0690479
  -0.084359  -0.0754518
  0.0669543   0.0707578
 -0.0823449  -0.0711414
   0.079164   0.0647723
 -0.0755551  -0.0700659
  0.0639094   0.0652792
 -0.0691337  -0.0670184
  0.0672495     0.06874
 -0.0801037  -0.0741167
  0.0760023   0.0708764
 -0.0685865  -0.0701227
  0.0730429   0.0709565
 -0.0702179  -0.0670449
  0.0687595   0.0647889
 -0.0706389  -0.0621667
  0.0693658   0.0631468
 -0.0699286   -0.065867
  0.0726165   0.0669265
 -0.0755505  -0.0646514
  0.0725731   0.0625728
 -0.0744851  -0.0668764
  0.0743984   0.0637386
 -0.0707225  -0.0604718
  0.0797463    0.064035
 -0.0723574  -0.0612239
  0.0607751   0.0613099
 -0.0619228  -0.0603733
  0.0671991   0.0571867
   -0.06732  -0.0516925
  0.0582634   0.0507031
 -0.0591756  -0.0471632
  0.0605166   0.0498449
 -0.0571569  -0.0468956
  0.0539881   0.0525947
 -0.0488397  -0.0465142
  0.0598476   0.0404641
 -0.0584172   -0.044869
  0.0518028   0.0350128
 -0.0532903  -0.0299128
  0.0471602   0.0267584
 -0.0479374  -0.0251305
  0.0473115   0.0180083
 -0.0401457  -0.0146733
  0.0394918   0.0122974
 -0.0406711  -0.0137963
  0.0406036   0.0116666
 -0.0378885 -0.00654408
  0.0369696 0.000248637
 -0.0352091  0.00328508
  0.0350079 -0.00711088
  -0.032212   0.0112842
  0.0302887  -0.0158126
 -0.0335945   0.0146284
  0.0437543  -0.0104379
  -0.037197  0.00797859
  0.0351189 -0.00947003
 -0.0366434  0.00948495
  0.0394673  -0.0118297
 -0.0432349  0.00985902
  0.0368515 -0.00373177
  -0.043635  0.00498494
  0.0426062 -0.00128583
 -0.0458968 -0.00384355
  0.0429611  0.00833614
 -0.0484208 -0.00734805
  0.0482195   0.0108869
 -0.0474955  -0.0202116
  0.0446515    0.026402
  -0.045631  -0.0293789
  0.0477651   0.0309666
 -0.0525054  -0.0317465
  0.0571894   0.0365896
 -0.0541562  -0.0396513
   0.057282   0.0477777
 -0.0591153  -0.0514735
   0.060056   0.0544045
 -0.0640251  -0.0550849
  0.0636669    0.057179
 -0.0647903  -0.0610215
  0.0716415   0.0606317
 -0.0699062  -0.0629125
  0.0705835   0.0695047
 -0.0653226  -0.0744473
  0.0654084   0.0785911
 -0.0703146  -0.0729821
  0.0814476   0.0795892
 -0.0844031  -0.0778917
  0.0751461   0.0705075
 -0.0720317  -0.0715087
  0.0702423   0.0698242
 -0.0722285  -0.0694769
  0.0690087   0.0676468
 -0.0718446  -0.0705121
  0.0756892   0.0694354
 -0.0756447  -0.0712149
  0.0698129   0.0712498
 -0.0682838  -0.0685571
  0.0675448   0.0720696
 -0.0681388  -0.0692353
  0.0687371   0.0645514
 -0.0701846  -0.0717436
  0.0654667   0.0743416
 -0.0701413  -0.0772638
  0.0742735   0.0757082
 -0.0854764  -0.0860302
   0.081922   0.0917546
 -0.0778213  -0.0872231
  0.0867078   0.0896983
  -0.093798   -0.095789
   0.101698   0.0990341
  -0.119007   -0.115793
   0.151424    0.150981
  -0.207154   -0.209281
    0.23654     0.23503
  -0.605136   -0.603137
<sz(0) sz(i)> =
           1            1
   -0.577546    -0.576634
    0.202469     0.204094
   -0.159543    -0.159011
    0.102752    0.0996313
  -0.0883865   -0.0779026
   0.0699291    0.0590162
  -0.0586201   -0.0564971
   0.0480368    0.0444242
  -0.0425126   -0.0387374
   0.0387092    0.0342205
  -0.0313781   -0.0267469
   0.0254168    0.0222394
    -0.01711   -0.0261322
   0.0181967    0.0125845
  -0.0278442  -0.00410889
   0.0175356    0.0106285
  -0.0165772   -0.0139697
   0.0126162    0.0114072
 -0.00521162  -0.00162432
   0.0101803  -0.00279746
 -0.00747615   0.00431209
  0.00756073  -0.00650605
  -0.0152374  -0.00417671
   0.0147262    0.0075394
 -0.00437618    0.0025793
  0.00500123  -0.00339967
  -0.0122043   0.00193084
   0.0132249  -0.00564674
  -0.0129509   0.00748215
   0.0135205  0.000502954
  -0.0148923   -0.0110843
  0.00536883   0.00388898
-0.000652943   0.00647326
  0.00142355  -0.00650167
 -0.00315609   0.00483577
 -0.00294122  -0.00190253
  0.00629933   0.00483348
  -0.0100707  -0.00590588
  0.00945049   0.00219014
  0.00147795   0.00121737
  0.00110845  -0.00388189
  -0.0163775  -0.00034128
   0.0186635   0.00805525
   -0.015329   -0.0113116
  0.00932335    0.0125907
  0.00227497  -0.00836872
  0.00338808   0.00704161
  -0.0186763   -0.0128081
   0.0109277   0.00211917
 -0.00226804    0.0082446
  0.00730888  -0.00492607
 -0.00643654   0.00170998
  0.00891763    0.0055355
 -0.00245126  -0.00485343
 -0.00383242 -0.000698828
  0.00860842   0.00639158
 -0.00839588   0.00202869
-0.000282672   0.00102486
  0.00167314  -0.00979814
-0.000173817   0.00349413
 -0.00728072   0.00161666
  0.00599996   0.00243754
 0.000636952  -0.00091039
  0.00246844      0.00468
  0.00088414 -0.000845078
 -0.00884713  -0.00931693
   0.0169915    0.0117976
 -0.00958977   -0.0103321
  0.00344089    0.0124185
  -0.0141364   -0.0122308
   0.0199267   0.00187013
 -0.00548264   0.00669358
  0.00146236   -0.0127905
  -0.0125756   0.00812251
   0.0114603  -0.00548376
 -0.00141793   0.00419137
  0.00412991   0.00114353
 -0.00489758   0.00271008
 -0.00153795  -0.00150893
 -0.00146088   -0.0149063
   0.0108402    0.0229098
 -0.00729195  -0.00606743
 -0.00293378  0.000199407
 -0.00118235  -0.00370047
  0.00195369   0.00148381
  0.00418916   0.00292021
-0.000690007  0.000924382
 -0.00396154  -0.00556971
-0.000634822  -0.00428705
   0.0126457   0.00801833
  -0.0177082  -0.00959653
   0.0127652    0.0023911
 -0.00505358   0.00270983
   0.0123546   0.00225482
 -0.00794078  -0.00256703
  0.00870881    0.0021115
  -0.0101981  -0.00530973
 -0.00442881   0.00427256
  0.00904882   0.00474024
-0.000564916   -0.0011929
   -0.006835  -0.00070406
  0.00245602  -0.00999508
 -0.00192868   0.00579587
   0.0101717    0.0135393
  -0.0149171   -0.0215282
   0.0185996     0.019877
  -0.0107847  -0.00944964
   0.0087451    0.0155908
  -0.0161158   -0.0245092
   0.0151117   0.00961489
  -0.0182268  0.000961136
   0.0151635   0.00757087
  -0.0188028    -0.016119
   0.0217014    0.0133376
  -0.0216829    -0.020739
   0.0282253    0.0184153
  -0.0280443   -0.0174635
    0.028746    0.0217228
  -0.0385489    -0.039498
   0.0426255    0.0415932
  -0.0595411    -0.050498
   0.0746462    0.0773851
  -0.0888157     -0.10013
   0.0964355     0.100322
   -0.151741    -0.148689
    0.205312     0.207383
   -0.578533    -0.584748

real    1259m8.506s
user    155878m14.860s
sys     7m23.067s

----- TRAINING 3 -----
time taskset -c 0-127 ./rbm-matfree-N128-M512-K2-opt -c 128 --model hs -h 0 -n 100 -m 400 --tol 1e-6 --reglam-init 40 --reglam-decay 0.9 --reglam-cutoff 0.2 --load-rbm hs21N128M512K2.mat --dump-rbm hs211 --lrate-init 0.001 --apply-gauge --inverse-gauge
Random seed is 3483293195
-1.64326 -1.64003
-1.64329 -1.63997
-1.64332 -1.64001
-1.64333 -1.64002
-1.64327 -1.63998
-1.64332 -1.64006
 -1.6433 -1.63996
-1.64328 -1.63998
-1.64326 -1.64004
-1.64326 -1.64003
-1.64322 -1.64003
-1.64333 -1.64005
-1.64328 -1.64005
-1.64326 -1.64003
-1.64331 -1.64006
-1.64333 -1.64007
-1.64335 -1.64007
-1.64327 -1.64007
-1.64333 -1.64014
-1.64322 -1.64007
-1.64336 -1.64009
-1.64338 -1.64012
-1.64328 -1.64008
-1.64328 -1.64008
-1.64328 -1.64014
-1.64329 -1.64017
-1.64329 -1.64018
-1.64326 -1.64004
-1.64325 -1.64011
-1.64331 -1.64022
-1.64332 -1.64014
-1.64331 -1.64012
-1.64338 -1.64022
-1.64331  -1.6402
-1.64325 -1.64023
-1.64336 -1.64015
-1.64336 -1.64019
-1.64331 -1.64019
-1.64332 -1.64018
-1.64338  -1.6402
-1.64338 -1.64026
-1.64336 -1.64024
 -1.6433 -1.64014
-1.64337  -1.6403
-1.64334 -1.64028
-1.64326 -1.64023
-1.64338 -1.64043
-1.64338 -1.64029
-1.64329  -1.6402
 -1.6434 -1.64033
-1.64331 -1.64034
-1.64338 -1.64034
-1.6434 -1.6404
-1.64337 -1.64042
-1.64338  -1.6404
-1.64345  -1.6404
-1.64344 -1.64036
-1.64342 -1.64045
 -1.6435 -1.64044
-1.64348 -1.64042
-1.64348 -1.64049
-1.64348 -1.64041
-1.64347 -1.64047
-1.64351  -1.6405
-1.64351 -1.64049
-1.64345 -1.64059
-1.64351  -1.6405
-1.64351 -1.64053
-1.64351 -1.64059
-1.64359  -1.6406
-1.64351 -1.64059
-1.64358 -1.64072
-1.64358  -1.6406
-1.64355 -1.64074
-1.64363 -1.64068
 -1.6435 -1.64068
 -1.6436 -1.64076
-1.64355 -1.64067
-1.64356 -1.64073
-1.64367 -1.64072
-1.64365 -1.64073
 -1.6437 -1.64078
-1.64363 -1.64072
-1.64363  -1.6408
-1.64368 -1.64079
-1.64364  -1.6408
-1.64365 -1.64086
-1.64371 -1.64088
-1.64362 -1.64084
-1.64368 -1.64079
-1.64375 -1.64087
-1.64371 -1.64083
-1.64375 -1.64086
-1.64374 -1.64089
 -1.6437 -1.64089
-1.64377 -1.64092
-1.64371 -1.64085
-1.64371 -1.64092
-1.64374 -1.64098
-1.64373 -1.64094
<sx(0) sx(i)> =
          1           1
  -0.590233     -0.5942
   0.228831    0.227435
  -0.181884   -0.186788
   0.125884    0.129956
  -0.113337    -0.11235
  0.0947871   0.0918291
 -0.0929007  -0.0878101
  0.0812942   0.0785721
 -0.0761536  -0.0734381
  0.0743468   0.0658863
 -0.0693277  -0.0657917
  0.0645451   0.0631651
  -0.067038  -0.0620046
   0.059571   0.0579004
 -0.0587303  -0.0586785
  0.0620144   0.0556822
 -0.0637938  -0.0580692
  0.0608949   0.0573384
 -0.0590822  -0.0571665
  0.0548792   0.0569984
 -0.0594197  -0.0639815
  0.0633479   0.0702326
 -0.0725668  -0.0623163
  0.0675285   0.0581793
 -0.0586259  -0.0565223
  0.0559426   0.0614047
 -0.0556857  -0.0588873
   0.054419   0.0511709
 -0.0619684  -0.0532991
  0.0708948    0.057246
  -0.062543  -0.0599483
    0.05715   0.0541283
 -0.0554057  -0.0523727
  0.0556603   0.0506996
 -0.0533083  -0.0489553
  0.0529187   0.0468922
 -0.0520395  -0.0442152
   0.048935   0.0434022
 -0.0539433  -0.0381232
  0.0518682   0.0336563
 -0.0497697  -0.0350214
  0.0488551   0.0351943
 -0.0465826  -0.0358224
  0.0436031    0.034762
 -0.0489049  -0.0277244
  0.0470848    0.027251
 -0.0425144  -0.0223428
  0.0397071   0.0200313
 -0.0380575  -0.0174089
  0.0306095   0.0165958
 -0.0206602 -0.00850952
  0.0303715  0.00876288
  -0.039854  -0.0121028
  0.0393369  0.00967751
 -0.0374949   -0.006664
  0.0353436 0.000632184
 -0.0338781 -0.00175262
  0.0332142 -0.00130363
 -0.0288952  0.00202333
  0.0297081 -0.00279163
 -0.0273064  0.00325504
  0.0235339 0.000159072
 -0.0292005  0.00231459
  0.0361112 -0.00554663
 -0.0294426  0.00613911
  0.0230718 -0.00853479
 -0.0234987   0.0128932
  0.0230997  -0.0141978
 -0.0248077   0.0133118
  0.0278023 -0.00911447
 -0.0330367  0.00731398
  0.0282883 -0.00804609
 -0.0309567  0.00117187
   0.031836  0.00427324
 -0.0293115  -0.0047477
  0.0331014 0.000497677
 -0.0343874 -0.00366705
  0.0369504  0.00427651
 -0.0388698  -0.0061026
  0.0413877   0.0124177
 -0.0426148  -0.0174096
  0.0423183   0.0217097
 -0.0471649  -0.0250826
   0.050209   0.0264738
 -0.0514663  -0.0217667
  0.0524314   0.0202747
 -0.0480509  -0.0346573
   0.048793   0.0444227
 -0.0484853  -0.0457892
  0.0475733   0.0455148
 -0.0483686  -0.0473483
  0.0508165   0.0491517
 -0.0559488   -0.055852
  0.0542156   0.0604209
  -0.051795  -0.0586058
  0.0557456   0.0582361
 -0.0553096   -0.060643
  0.0569409   0.0617582
 -0.0618115  -0.0597193
  0.0625115     0.05997
 -0.0562645  -0.0588542
   0.061858   0.0582811
 -0.0625876  -0.0559126
  0.0568104   0.0589293
  -0.059057  -0.0587081
  0.0615594   0.0576513
  -0.062223  -0.0559858
  0.0645387   0.0601086
 -0.0639553  -0.0633739
  0.0572855   0.0608434
 -0.0601443  -0.0613027
  0.0590318    0.058103
  -0.060034  -0.0598078
  0.0592236   0.0617621
 -0.0623678  -0.0649957
  0.0653892   0.0671991
 -0.0665412  -0.0732454
   0.068291   0.0728583
 -0.0740448  -0.0785642
  0.0776318   0.0752732
 -0.0937317  -0.0886407
  0.0946674   0.0938544
  -0.117953   -0.115047
   0.128854    0.127671
  -0.182308   -0.186826
   0.230663    0.232869
  -0.597847   -0.593489
<sz(0) sz(i)> =
           1            1
   -0.584754    -0.590558
    0.217208     0.232245
   -0.160012    -0.175731
    0.108997     0.109558
  -0.0842274   -0.0907335
   0.0584376    0.0653905
  -0.0518291   -0.0512568
    0.035595    0.0341706
  -0.0300154   -0.0310784
   0.0304529    0.0270471
  -0.0393907   -0.0284218
     0.02658      0.02592
  -0.0127589   -0.0185692
   0.0256638    0.0246877
  -0.0348105   -0.0324551
   0.0260594     0.012925
  -0.0282033  -0.00394518
   0.0168038    0.0013212
  -0.0149015  -0.00134851
    0.020016    0.0135778
  -0.0161522    -0.018379
  0.00850016    0.0144686
 -0.00719341    -0.019916
  0.00482557    0.0181041
  0.00136975   -0.0100026
-0.000150846   0.00390085
  0.00157312  -0.00239343
   0.0133333    0.0135026
  -0.0130123    -0.017144
  0.00351993   0.00401914
  0.00191059   0.00422222
   -0.009622  -0.00264363
  0.00114958  0.000217608
 -0.00208539  -0.00451618
   0.0052673 -0.000931358
  0.00375095   0.00933499
-0.000822567    -0.005154
 -0.00666157  -0.00154156
  0.00196737 -0.000795496
  0.00958415   0.00943929
  -0.0125721   -0.0138341
 0.000784057   0.00339563
-0.000802673  0.000607361
  0.00345897   0.00193165
  0.00198091  -0.00596528
  0.00207684    0.0160091
  -0.0133518    -0.020281
   0.0147527    0.0158723
 -0.00486792  -0.00806176
   0.0135713   0.00951459
  -0.0179562  -0.00751257
   0.0130645   0.00334172
  -0.0231598  -0.00625427
   0.0151897  -0.00116626
 -0.00250337    0.0130112
-0.000183354   -0.0144651
  0.00388401   0.00924099
 -0.00805416  -0.00925052
 -0.00162704    0.0101817
  0.00668878   -0.0120013
  -0.0165393  -0.00264044
   0.0196231   0.00842381
  -0.0244948   -0.0129271
   0.0167471    0.0125888
 -0.00321877  -0.00213279
  0.00397712 -0.000266186
  0.00465336    0.0118701
 -0.00461701   -0.0113596
  0.00252983    0.0044233
  0.00511369  -0.00644181
  0.00466582    0.0121311
 -0.00837138  -0.00182393
  -0.0033528  -0.00985033
  0.00731078    0.0108923
 -0.00666171   -0.0118539
  0.00337269   0.00799449
 0.000698914  -0.00933173
 -0.00520309  -0.00128129
  0.00586743    0.0067107
  -0.0102657   -0.0049296
  0.00474307   0.00353818
 0.000532191    0.0017725
 -0.00095835  -0.00119009
 -0.00207941  -0.00167059
  0.00107234  -0.00224422
  0.00233404   0.00375971
  0.00396935   0.00294472
 -0.00206812   0.00265405
 -0.00236311  -0.00896502
  0.00173531   0.00877251
  0.00644627  -0.00156346
   -0.005082   0.00312888
 -0.00590626   0.00832813
   0.0058135   -0.0130401
 -0.00967011  -0.00560333
   0.0212959    0.0107744
  -0.0149497  -0.00477686
  0.00521498   0.00173814
-0.000162457  -0.00655629
  0.00781162   0.00711026
   -0.013945   -0.0112894
  0.00859755    0.0108556
 -0.00336071  -0.00570179
  0.00990346    0.0107606
  -0.0185382   -0.0173602
   0.0119308     0.012952
 -0.00850147 -0.000521963
   0.0088098   0.00216677
-0.000933209  -0.00379335
  0.00637369   0.00589194
    -0.02047   -0.0139831
   0.0182814     0.016367
  -0.0195817    -0.019559
   0.0272267    0.0265623
  -0.0326823   -0.0283333
   0.0235009     0.020835
  -0.0222354   -0.0226084
   0.0300504    0.0313949
  -0.0431793   -0.0453754
   0.0544449    0.0539926
  -0.0631011    -0.063188
   0.0747315    0.0691748
  -0.0924876   -0.0913796
    0.104824     0.112285
   -0.178012    -0.180934
    0.226776     0.222872
   -0.590605    -0.582989

real    1980m18.447s
user    243959m27.207s
sys     11m30.151s
