---- PRETRAINING ----
time taskset -c 0-127 ./rbm-matfree-N128-M512-K2-opt -c 128 --model xxz -h 0 -n 20 -m 400 --tol 1e-3 --reglam-init 40 --reglam-decay 0.9 --reglam-cutoff 0.2 --dump-rbm xxz --minres-rtol 1e-8 --seed 3258857170
Random seed is 3258857170
-0.952758 -0.935701
-1.03769  -1.0094
-1.11042 -1.08024
-1.18224 -1.15081
-1.25669 -1.22645
-1.32599 -1.29639
-1.38835  -1.3576
-1.44446 -1.41211
-1.48863 -1.45696
-1.52387 -1.49262
-1.55462 -1.52454
-1.57874 -1.55161
-1.60155 -1.57536
-1.61916 -1.59523
 -1.6344 -1.61285
 -1.6492 -1.62961
-1.66081 -1.64267
-1.67281 -1.65576
-1.68214  -1.6669
-1.69033 -1.67549
<sx(0) sx(i)> =
       1        1
 0.68997 0.669969
0.438935 0.419559
0.449705 0.423228
   0.435 0.416802
0.440425 0.420316
0.441675 0.421828
0.441087 0.420164
0.438799 0.412607
0.437937  0.40626
0.434154 0.409905
0.433565 0.416203
0.438422 0.415534
0.437399 0.418425
0.441515 0.427887
0.444599 0.427874
0.445571 0.424324
0.444358 0.425555
0.439352 0.421224
0.441962 0.422584
0.442773 0.423911
0.441329 0.421427
0.440173 0.425953
0.440041 0.428099
0.441384 0.426841
0.440226   0.4251
0.435839   0.4209
0.435762  0.42152
0.431185 0.416289
0.427296 0.410501
0.430275 0.408408
0.425023 0.402547
 0.42283 0.396126
 0.42308 0.393253
0.419934 0.391224
0.411596 0.374765
0.402543 0.364684
0.388613 0.351671
0.379766 0.323182
 0.37231 0.308655
0.366161 0.299302
0.359633 0.298231
0.357778 0.293182
0.360408 0.302062
0.361512 0.298844
0.363977 0.306783
0.372414 0.310739
0.380518 0.325253
0.386212 0.344065
0.396345 0.361606
0.414356 0.385529
0.427103 0.407527
0.434034  0.41848
0.439884 0.422575
0.439452 0.423543
0.439189 0.423308
0.433765 0.421903
0.430177 0.408735
0.430362 0.407319
0.427405 0.399325
0.421385 0.399261
0.422066 0.398575
0.421311 0.396067
0.420704 0.400631
0.425198 0.403193
0.422886 0.399159
0.423625 0.399771
0.433995 0.409111
0.433632 0.414749
0.436423 0.428014
0.442135 0.429857
0.443394 0.425365
0.450839 0.428088
0.444311 0.422557
0.440066 0.421626
0.437258 0.421255
0.435694 0.420646
 0.43485 0.421049
0.430878 0.416206
0.437164 0.417442
0.437668  0.41871
0.433077  0.41567
0.434223 0.412506
0.438047 0.419282
0.435649 0.420792
 0.43605 0.421479
0.437828 0.422143
0.437934  0.42115
0.441554 0.428316
0.443821 0.437674
0.441475  0.43216
0.442164 0.425681
0.443442 0.423533
0.438291 0.421278
0.436612 0.421619
0.434946 0.412868
 0.43058 0.404315
0.422945 0.397329
0.416393  0.38703
0.421913 0.389126
0.422997 0.386091
0.422375 0.382882
0.417241 0.386604
0.420139 0.392457
0.423392 0.397454
0.424432 0.401719
0.427664 0.403938
0.431626 0.406693
0.433578  0.40793
0.435058 0.412088
0.437885 0.415677
0.436141  0.41818
0.439241 0.419691
 0.44493 0.426996
0.443163 0.428937
 0.44603 0.425351
0.447156 0.424198
0.444912 0.423534
0.448508  0.43081
0.445154  0.43231
0.437546 0.418756
0.436624 0.413463
0.427039 0.401507
0.420872 0.384601
 0.41834 0.374848
 0.43227 0.387139
0.424198 0.396378
0.685765 0.659896
<sz(0) sz(i)> =
           1            1
   -0.514662    -0.499166
    0.198468     0.195517
   -0.112435    -0.102643
     0.04004     0.042499
  -0.0196425   -0.0193029
    0.022922    0.0181327
  -0.0146322   -0.0123209
  0.00526068    0.0141534
 -0.00191281  -0.00550906
  0.00387371    0.0130794
 -0.00802131  -0.00486931
  0.00415799    0.0118186
 -0.00722021 -0.000475106
  0.00467291 -0.000961969
  0.00519315   0.00629123
 -0.00414151  -0.00523349
   -0.002659  0.000432435
  0.00696042   0.00249271
 -0.00170824  -0.00118238
 -0.00790938 -0.000840621
   0.0101878    0.0098513
 -0.00429525  -0.00218913
    0.006176  -0.00164475
 -0.00287419     0.004007
  0.00522453   0.00208016
 -0.00393836   0.00397743
 -0.00500483  -0.00526861
 -0.00181685  -0.00423784
-0.000755591   0.00540403
 0.000551391   0.00276892
 -0.00114757   0.00224132
-0.000532688   0.00654831
 0.000187569   0.00512493
  0.00462037  -0.00180787
  -0.0118153    0.0116591
  0.00692307   -0.0021965
 -0.00152446    0.0105479
 -0.00169018   0.00133862
-0.000448747   0.00662062
 -0.00262178    0.0138327
  0.00238546 -0.000783901
  -0.0118484   0.00438743
 -0.00551132   0.00238632
  0.00316349   0.00480526
  -0.0148716 -8.93581e-05
   0.0107545     0.014519
  -0.0140975   0.00206629
   0.0010133   0.00289295
-5.25519e-05   0.00567755
 -0.00110954    0.0052111
  0.00564876   0.00372624
 -0.00280432   0.00327307
  0.00368665   0.00498522
 -0.00141975  -0.00354119
  0.00896783   0.00321967
 -0.00463057   -0.0103304
  0.00644553   0.00746072
 -0.00118205  -0.00698201
  0.00394456   0.00117263
 -0.00123885    -0.015558
  0.00150069    0.0123274
  -0.0120878   -0.0113888
  0.00991827    0.0012536
 -0.00241726  -0.00297337
 -0.00234347  -0.00699247
  0.00373591   0.00810003
 -0.00231577   -0.0185436
   0.0107063    0.0046453
  -0.0137316  -0.00611218
   0.0090951  -0.00264978
 -0.00192881   0.00442881
 -0.00332659   -0.0153843
  0.00517312   0.00990501
 -0.00130674   0.00158018
   0.0015244 -0.000274396
 -0.00527291   0.00128853
 -0.00202743  -0.00203507
  0.00612812  -0.00179218
 -0.00335467  -0.00695783
 -0.00384808   0.00681683
  0.00626179 -1.17876e-05
 -0.00144613   0.00992269
 -0.00239045   -0.0012033
  0.00867942   0.00842996
  0.00236719  -0.00310938
  0.00170107   0.00384581
  0.00351596  -0.00101596
 0.000149262   0.00442105
   0.0014271  -0.00334117
 -0.00252397   0.00494585
  0.00329696  -0.00235946
 -0.00254923  0.000166418
  0.00425711  0.000508518
-0.000542285  -0.00195771
  0.00810658   0.00872936
 -0.00474923   0.00478829
 -0.00804273  -0.00437914
  0.00533841   0.00962253
 -0.00817351   0.00231413
 -0.00311207   0.00033863
   0.0034998    0.0112268
  0.00106685   0.00205815
-0.000493311  0.000337061
-0.000541502     0.002729
  0.00448911   0.00273745
  -0.0073864   0.00117547
   0.0039236   0.00459203
 -0.00126589   0.00857058
  0.00108221   -0.0015119
 0.000770248  5.00643e-05
 -0.00555873  -0.00151158
 0.000830013 -0.000556576
 -0.00207736   0.00551486
 -0.00128161  -0.00391371
 -0.00326141   0.00162079
 0.000212183   0.00783469
  0.00255998  -0.00439592
  0.00705894   0.00450356
   0.0010236   0.00655452
 -0.00427357  -0.00517955
  -0.0138197   -0.0126647
   0.0192813    0.0255233
  -0.0225164  -0.00596015
   0.0511592    0.0419658
   -0.120264   -0.0966499
    0.193926     0.193691
   -0.513169    -0.495268

real    421m42.988s
user    49559m5.683s
sys     6m4.533s

------ TRAINING #1 ------
time taskset -c 0-127 ./rbm-matfree-N128-M512-K2-opt -c 128 --model hs -h 0 -n 100 -m 400 --tol 1e-4 --reglam-init 40 --reglam-decay 0.9 --reglam-cutoff 0.2 --load-rbm xxzN128M512K2.mat --minres-rtol 1e-9 --apply-gauge --seed 1405166024 --dump-rbm hs1
Random seed is 1405166024
-1.55362 -1.53959
-1.55635 -1.54268
 -1.5579 -1.54453
-1.56022 -1.54699
-1.56244 -1.55038
-1.56485 -1.55281
-1.56712 -1.55559
-1.56973 -1.55839
-1.57194 -1.56129
-1.57547 -1.56417
-1.57724 -1.56675
-1.58015 -1.57008
-1.58257  -1.5729
-1.58515 -1.57598
-1.58728  -1.5787
-1.59074 -1.58149
-1.59356 -1.58434
-1.59583 -1.58708
-1.59838 -1.59001
-1.60101  -1.5926
-1.60349 -1.59535
-1.60591 -1.59778
-1.60797 -1.60023
-1.61027 -1.60277
-1.61254 -1.60504
-1.61486 -1.60722
-1.61667  -1.6092
 -1.6183 -1.61121
-1.62033 -1.61323
-1.62189 -1.61475
-1.62326  -1.6165
-1.62496 -1.61828
-1.62625 -1.61969
-1.62769 -1.62121
-1.62856 -1.62208
-1.63001 -1.62359
-1.63092 -1.62472
-1.63192 -1.62581
 -1.6327 -1.62664
-1.63341 -1.62755
-1.63433 -1.62847
-1.63507 -1.62915
-1.63562 -1.63001
-1.63617 -1.63054
-1.63696 -1.63133
-1.63727 -1.63189
-1.63789 -1.63257
-1.63823 -1.63304
-1.63879 -1.63345
-1.63914 -1.63405
-1.63942 -1.63433
-1.63986  -1.6349
-1.64005 -1.63523
-1.64049  -1.6356
-1.64073 -1.63596
  -1.641 -1.63623
-1.64108 -1.63663
-1.64126 -1.63691
-1.64147 -1.63712
-1.64163 -1.63739
-1.64183 -1.63757
-1.64198 -1.63783
-1.64198 -1.63798
-1.64216 -1.63818
-1.64223 -1.63839
-1.64238 -1.63858
-1.64246 -1.63873
-1.64246 -1.63887
-1.64259   -1.639
-1.64265 -1.63919
-1.64282 -1.63925
-1.64289  -1.6394
-1.64285  -1.6395
-1.64298 -1.63968
-1.64303 -1.63977
-1.64314 -1.63993
-1.64309 -1.63994
Converged after 77 steps.
<sx(0) sx(i)> =
          1           1
  -0.588117   -0.581136
   0.228908    0.224448
  -0.181564   -0.171549
   0.122807     0.11568
  -0.106572  -0.0960746
  0.0905422   0.0774056
 -0.0824542  -0.0682922
  0.0702992   0.0590208
 -0.0701559  -0.0577524
  0.0601148   0.0464484
  -0.060193  -0.0324492
  0.0550939   0.0285821
 -0.0524129  -0.0267577
  0.0491875   0.0236845
 -0.0480548  -0.0261039
  0.0425797   0.0252398
 -0.0408437  -0.0150698
  0.0434028  0.00664412
 -0.0456055  -0.0129215
  0.0426792   0.0199254
 -0.0426758  -0.0190683
  0.0395817    0.014205
 -0.0382012 -0.00850951
  0.0434889   0.0118127
 -0.0410615 -0.00959028
  0.0386078   0.0076581
 -0.0415344 -0.00912797
   0.040809  0.00370905
 -0.0381462 -0.00552039
  0.0430007  0.00846119
 -0.0414385 -0.00916187
  0.0330157  0.00618963
 -0.0347262 -0.00420619
  0.0383193  0.00270461
 -0.0436622 -0.00450772
  0.0388276  0.00519132
 -0.0350856 0.000462363
  0.0379468 0.000643924
 -0.0393472 5.21496e-05
  0.0381183  0.00182627
 -0.0351661 -0.00106832
  0.0427486  0.00113152
 -0.0549125 -0.00540269
  0.0432771  0.00707172
 -0.0344775 -0.00823516
  0.0435296   0.0116393
 -0.0442806  -0.0160318
  0.0452753   0.0184111
 -0.0498197  -0.0140102
  0.0455109   0.0176545
 -0.0421169  -0.0219037
  0.0434826   0.0198908
 -0.0456334  -0.0254018
  0.0486269     0.02564
 -0.0516424  -0.0230661
  0.0539322   0.0272905
 -0.0516912   -0.026978
   0.056471   0.0302312
 -0.0559827  -0.0346082
  0.0509288   0.0385693
 -0.0504371  -0.0375974
  0.0506552   0.0321598
 -0.0556388  -0.0327399
  0.0575593   0.0361587
 -0.0525722  -0.0385228
  0.0545045   0.0368172
 -0.0581857  -0.0371322
  0.0530113   0.0404031
 -0.0506081  -0.0351094
  0.0504597   0.0302358
 -0.0542574  -0.0259595
   0.054486   0.0243034
 -0.0572227  -0.0320413
  0.0597545   0.0368278
  -0.054042  -0.0344635
  0.0574213   0.0333243
 -0.0592569  -0.0306305
  0.0590092   0.0298379
 -0.0543885  -0.0294328
  0.0537218   0.0303372
  -0.051159  -0.0294567
  0.0493212   0.0290895
 -0.0490756   -0.030165
  0.0497477   0.0256084
 -0.0498971  -0.0285248
  0.0520289   0.0328375
 -0.0547458  -0.0298863
  0.0514756   0.0294438
 -0.0529933  -0.0312007
  0.0505356   0.0275465
 -0.0491516   -0.026631
  0.0511767   0.0308831
  -0.054304  -0.0188583
  0.0541111   0.0188897
 -0.0512049  -0.0236126
   0.050585   0.0232378
 -0.0527256  -0.0208958
  0.0478109   0.0200144
 -0.0511251  -0.0186315
  0.0468087   0.0165114
 -0.0434239  -0.0166334
  0.0463756   0.0165356
 -0.0451789  -0.0219766
  0.0402324   0.0181908
 -0.0397749  -0.0239917
  0.0423535   0.0285744
 -0.0410665  -0.0231959
  0.0442225    0.023401
 -0.0473136  -0.0222771
  0.0450227   0.0232549
 -0.0472293  -0.0220192
  0.0456045   0.0249722
 -0.0460457  -0.0250905
   0.045891   0.0268034
  -0.049885  -0.0340315
  0.0550698    0.039437
 -0.0608518   -0.036269
  0.0621097    0.039814
  -0.070242  -0.0469489
  0.0759504    0.052627
 -0.0837401  -0.0674966
  0.0883978   0.0742839
  -0.111953   -0.100337
   0.124614    0.119473
  -0.178903   -0.178522
   0.227643    0.228734
  -0.596611   -0.594253
<sz(0) sz(i)> =
           1            1
   -0.580244    -0.574053
    0.218662     0.209893
   -0.168991    -0.159095
    0.112716     0.109159
   -0.108629   -0.0992227
   0.0881253    0.0807028
  -0.0652196   -0.0530616
   0.0521489    0.0351558
  -0.0437569   -0.0380399
    0.032989    0.0175579
  -0.0149647  -0.00206657
   0.0109975    0.0063462
  -0.0182949   -0.0108067
   0.0150802   0.00714635
  -0.0261953  -0.00478126
   0.0222625   0.00765934
  -0.0164904   -0.0105018
  0.00348981  0.000143003
  0.00613624   0.00347313
   0.0036647  -0.00350845
 -0.00918516   0.00352109
  0.00918552   0.00308011
 -0.00388667   0.00673823
  0.00307124  -0.00287593
 -0.00373056   0.00138681
  0.00215999   0.00350407
 -0.00191924   0.00484893
 -0.00478629 -0.000487149
   0.0107988  -0.00267385
 -0.00557004   0.00646848
 -0.00411227  -0.00655179
  0.00274186   0.00202376
 -0.00372035   0.00133754
  0.00140332  -0.00148145
  0.00205253   0.00708809
 -0.00271821  -0.00493804
   0.0129998    0.0196564
  -0.0124834   -0.0231806
   0.0060513    0.0189487
 -0.00599384    -0.011389
 -0.00241461   0.00667242
 -0.00187792  -0.00089552
 0.000777486   0.00355845
   0.0113307   0.00566153
 -0.00721324   -0.0134899
 -0.00180133    0.0116841
 -0.00944123  -0.00727752
  0.00842876   0.00489155
   0.0023292   0.00489737
 0.000782155 -0.000938405
-0.000493657   0.00447803
  -0.0018572  -0.00454905
   0.0059213   0.00318026
 -0.00304188   -0.0034425
 -0.00221956  -0.00184294
 0.000537213   0.00231435
  0.00102597  0.000731845
 -0.00060987   0.00236768
  -0.0123774   0.00128367
  0.00622258  -0.00614445
  0.00681919   0.00181362
 -0.00147845  -0.00195905
  0.00486124  0.000490326
 0.000969324   -0.0018287
 -0.00443826   0.00752419
 0.000893834   -0.0116751
 -0.00289161   0.00148536
  0.00559803  0.000339468
  0.00276575 -3.13702e-05
 -0.00362432  0.000811817
  0.00430776    0.0022938
  -0.0100619  -0.00642244
  0.00297118    0.0136304
 -0.00328944   -0.0121012
  0.00712034   0.00944216
 -0.00127072  -0.00380741
 -0.00375008   0.00582039
-0.000497852  -0.00774434
  0.00194746   0.00672442
 -0.00459671   -0.0129814
   0.0108423    0.0220484
  -0.0165101    -0.013607
   0.0174096   0.00841068
  -0.0227545   -0.0173627
   0.0171073    0.0128146
 -0.00107827   -0.0114608
  0.00322397    0.0183776
 -0.00203052  -0.00836011
-0.000657092    0.0077274
  0.00327985  -0.00777204
  -0.0193392  -0.00761397
    0.016977   0.00958551
  -0.0138147   -0.0120837
   0.0162216    0.0124893
 -0.00781748   0.00062998
   0.0100196   0.00837882
 -0.00948339  -0.00422755
 -0.00233478  -0.00504803
 -0.00387829  -0.00428577
   0.0132117    0.0043274
  -0.0132042   0.00129015
   0.0239634   0.00377096
  -0.0261148  -0.00701019
   0.0180933    0.0174145
 -0.00552171   -0.0160799
  0.00961023    0.0164445
  -0.0159692  -0.00977295
   0.0160502   0.00980922
  -0.0152291  -0.00570838
   0.0103071  -0.00175236
 -0.00565693   0.00893818
  0.00738176  -0.00933489
  -0.0188705  -0.00339512
   0.0261643    0.0119217
  -0.0326317   -0.0154933
   0.0321827    0.0187939
  -0.0334842   -0.0165158
   0.0343911     0.018812
  -0.0355823   -0.0186755
   0.0403546    0.0382782
  -0.0662433   -0.0605927
   0.0830699    0.0728285
   -0.111575   -0.0954171
    0.128847     0.109864
   -0.175729    -0.162279
    0.225373     0.219119
   -0.591932    -0.591857

real    1623m55.458s
user    204059m8.991s
sys     3m1.089s

---- TRAINING 2 ----
time taskset -c 0-127 ./rbm-matfree-N128-M512-K2-opt -c 128 --model hs -h 0 -n 100 -m 400 --tol 1e-6 --reglam-init 40 --reglam-decay 0.9 --reglam-cutoff 0.2 --load-rbm hs1N128M512K2.mat --dump-rbm hs12 --lrate-init 0.002 --apply-gauge --inverse-gauge
Random seed is 4275691857
-1.64317  -1.6401
-1.64326 -1.64007
-1.64318 -1.64014
-1.64317 -1.64005
-1.64317 -1.64019
-1.64323 -1.64014
-1.64326 -1.64009
-1.64316 -1.64012
-1.64316 -1.64015
 -1.6433 -1.64015
-1.64321 -1.64016
-1.64322 -1.64019
-1.64315 -1.64014
-1.64323 -1.64015
-1.64319 -1.64023
-1.64327 -1.64024
-1.64317 -1.64027
-1.64322 -1.64024
 -1.6433 -1.64036
-1.64329 -1.64023
-1.64326 -1.64031
-1.64328  -1.6403
-1.64321 -1.64023
-1.64337 -1.64039
-1.64325 -1.64034
-1.64331 -1.64038
-1.64326 -1.64042
-1.64334 -1.64044
-1.64334 -1.64048
-1.64336 -1.64044
-1.64332 -1.64043
-1.64337  -1.6405
-1.64335 -1.64054
-1.64332 -1.64044
-1.64327 -1.64043
-1.6433 -1.6405
-1.64333 -1.64045
-1.64337 -1.64065
-1.64338 -1.64056
-1.64333 -1.64065
-1.64332 -1.64063
-1.64332 -1.64051
-1.64335 -1.64064
-1.64336 -1.64059
-1.64346  -1.6407
-1.64339 -1.64073
-1.64334 -1.64073
-1.64337 -1.64075
-1.64344 -1.64074
-1.64338 -1.64065
 -1.6434 -1.64074
-1.64346  -1.6408
-1.64341 -1.64072
-1.64342  -1.6407
-1.64348 -1.64082
-1.64348 -1.64076
-1.64341 -1.64073
-1.64347 -1.64096
-1.64349  -1.6408
-1.64346 -1.64083
-1.64359 -1.64095
-1.64348 -1.64086
-1.64353 -1.64091
-1.64346 -1.64088
-1.64346 -1.64096
-1.64356 -1.64086
-1.64356  -1.6409
-1.6436  -1.641
-1.64365 -1.64106
-1.64362 -1.64105
-1.64356 -1.64101
-1.64359   -1.641
-1.64354 -1.64104
-1.64363 -1.64109
-1.64359 -1.64109
-1.64362 -1.64112
-1.64359 -1.64112
 -1.6437 -1.64116
-1.64364 -1.64119
-1.64362  -1.6412
 -1.6437 -1.64118
-1.64364 -1.64115
-1.64374 -1.64123
-1.64373 -1.64127
-1.64369 -1.64119
 -1.6437 -1.64123
-1.64371 -1.64123
-1.64369 -1.64116
-1.64371 -1.64124
 -1.6437 -1.64129
-1.64378  -1.6413
-1.64378 -1.64132
-1.64379 -1.64125
-1.64371 -1.64132
-1.64377 -1.64135
-1.64371 -1.64141
-1.64383 -1.64137
-1.64374 -1.64135
-1.64367 -1.64137
-1.64375 -1.64134
<sx(0) sx(i)> =
           1            1
   -0.585466    -0.586019
    0.228265     0.224454
   -0.175089    -0.171632
    0.121388     0.112823
   -0.110174   -0.0946812
   0.0857804    0.0748847
  -0.0744159   -0.0640087
   0.0671572    0.0535285
  -0.0613799   -0.0438278
   0.0504021    0.0347865
  -0.0368161   -0.0330515
   0.0337254    0.0213193
  -0.0429741   -0.0184101
    0.037749    0.0188392
  -0.0404536   -0.0191059
   0.0356602    0.0172618
   -0.028922  -0.00755619
   0.0297851   0.00325295
  -0.0327048  -0.00496822
   0.0259863   0.00409905
  -0.0288933   -0.0118443
   0.0284575   0.00345569
  -0.0267404   0.00140282
   0.0301402  -0.00134115
  -0.0290325   0.00319191
   0.0284266    0.0028681
  -0.0298646   0.00316164
   0.0296488  -0.00169881
  -0.0300268  -0.00200927
    0.026887   0.00387738
  -0.0257876 -3.28372e-05
   0.0250781  -0.00181024
  -0.0263763   0.00129136
   0.0263068  0.000667698
  -0.0278542   0.00181343
   0.0265044  -0.00338008
  -0.0312889  -0.00123525
   0.0295531  0.000607274
  -0.0291498   0.00120548
   0.0288603  -0.00232805
  -0.0260725   0.00213165
   0.0165283   0.00105246
 -0.00890697  -0.00279086
   0.0234211  0.000733744
  -0.0338102  -0.00418203
   0.0288948   0.00248954
  -0.0233635  -0.00353632
   0.0301206   0.00709933
  -0.0267609  -0.00504267
   0.0329085   0.00815391
  -0.0405262   -0.0145593
   0.0373102    0.0119884
  -0.0377532   -0.0134365
    0.034191    0.0132566
  -0.0339958   -0.0152277
   0.0345015    0.0178989
  -0.0365103   -0.0178375
    0.037944    0.0168231
  -0.0361812   -0.0215326
   0.0349814    0.0200742
  -0.0372809   -0.0244801
    0.040586    0.0271659
  -0.0400999    -0.024437
   0.0423523    0.0209921
  -0.0460801   -0.0252919
   0.0364956    0.0263381
   -0.034336   -0.0206259
   0.0398528    0.0217276
  -0.0369621    -0.021345
    0.039351    0.0243788
  -0.0383093   -0.0228814
    0.035939    0.0309554
   -0.033328   -0.0257881
   0.0320943    0.0222282
  -0.0378057    -0.024365
    0.036973    0.0239419
  -0.0406902   -0.0238231
   0.0412865    0.0244905
  -0.0394375   -0.0227604
   0.0404406    0.0207546
  -0.0419061   -0.0226945
   0.0378098    0.0200666
  -0.0345781    -0.019578
   0.0396478    0.0211876
  -0.0400756   -0.0212421
   0.0437082    0.0372188
  -0.0466657   -0.0344052
   0.0401323    0.0220071
  -0.0335227   -0.0170007
   0.0316687    0.0149817
  -0.0371807   -0.0157952
   0.0368981    0.0112094
  -0.0374566   -0.0141996
   0.0364248     0.014078
  -0.0379654   -0.0109472
   0.0344842    0.0128258
   -0.033353   -0.0118587
   0.0355503    0.0117913
  -0.0328532   -0.0124708
   0.0350555    0.0127704
  -0.0403944    -0.012464
   0.0372489   0.00640735
  -0.0365387  -0.00950553
    0.035687    0.0101777
  -0.0309859  -0.00593285
   0.0338119    0.0116756
  -0.0346693   -0.0159971
   0.0359519    0.0167219
  -0.0341541   -0.0151794
   0.0391424    0.0156414
  -0.0428204   -0.0186143
   0.0385234    0.0147084
   -0.041336    -0.017526
   0.0417582    0.0257333
  -0.0489794   -0.0283711
   0.0444555    0.0298567
  -0.0488118   -0.0359363
   0.0492343    0.0470064
  -0.0553049    -0.047559
   0.0619617      0.05255
  -0.0771079   -0.0622931
    0.080004    0.0701474
   -0.104019   -0.0923441
      0.1196     0.107773
   -0.181234    -0.170863
     0.22257     0.221057
    -0.58579    -0.584083
<sz(0) sz(i)> =
           1            1
   -0.586645    -0.588394
    0.227504      0.22152
   -0.175381    -0.169892
    0.119114     0.109441
   -0.110155   -0.0953526
   0.0803681    0.0744366
   -0.070705   -0.0531232
   0.0509155    0.0465064
  -0.0444669   -0.0411581
    0.036753    0.0247314
  -0.0333972   -0.0256263
   0.0357466    0.0312456
  -0.0342782   -0.0285734
   0.0375727    0.0285992
  -0.0391108   -0.0199126
   0.0336999    0.0146985
  -0.0317787    -0.019237
    0.026098    0.0126129
   -0.015742  -0.00460958
   0.0248254    0.0068543
  -0.0214994   0.00325719
  0.00837514  -0.00732045
 -0.00598689   0.00739314
 0.000385041  -0.00995535
  0.00548896    0.0215814
 0.000852267   -0.0117116
-0.000109998      0.00386
  -0.0144361   -0.0197045
   0.0178033     0.025478
  -0.0160117   -0.0179336
   0.0112933    0.0197223
 -0.00144643   -0.0126551
 -0.00195569    0.0103151
  0.00277919   -0.0133261
 -0.00871382   0.00812788
 0.000547633  -0.00281326
 -0.00300711   0.00667899
 0.000812965  -0.00843015
   0.0168691    0.0174277
  -0.0232413   -0.0330087
  0.00933226    0.0282068
 -0.00119463   -0.0217741
  0.00738179     0.019337
 -0.00657072  -0.00741366
 -0.00794194  -0.00440181
    0.013429   0.00688346
 -0.00286429   0.00376272
 -0.00508469  -0.00374344
   0.0083715   0.00740975
  -0.0134732   -0.0156284
-0.000828689   0.00207869
   0.0131356    0.0170988
 -0.00442765  -0.00182235
  0.00144731  -0.00769731
 -0.00416102  0.000684453
   0.0127302   0.00605887
   -0.016345  -0.00967066
  0.00724378   0.00865466
 7.95924e-05   -0.0101577
  0.00459962    0.0116113
   -0.010827   -0.0107355
  0.00920371    0.0103275
 0.000582605  -0.00655917
   0.0108466    0.0109503
  -0.0201189   -0.0182405
  0.00556701    0.0166595
 -0.00868816    -0.016429
   0.0130117    0.0124179
 -0.00209853   0.00287978
  0.00112657  -0.00198594
 -0.00599063   0.00349063
  0.00337993   0.00259663
 -0.00606452   -0.0129589
   0.0150289   0.00958049
 -0.00754914   0.00141633
  -0.0191582    -0.024084
   0.0200315    0.0156716
 -0.00184331 -0.000656688
  0.00400416   0.00474584
 -0.00655292  -0.00340802
-6.12064e-05   0.00545183
  0.00235639  -0.00536421
 0.000944219   0.00682922
  0.00994823   0.00177052
  -0.0110128  0.000153449
-0.000421017  -0.00645398
-0.000159855    0.0105505
  0.00359366   -0.0123827
-0.000813912   0.00639985
 -0.00390675  -0.00460887
   0.0013976   0.00614146
  0.00322327  -0.00283264
  0.00409961    0.0119941
  -0.0115729   -0.0135053
  0.00772063   0.00974031
  0.00494151  -0.00611338
  -0.0168874   0.00282493
   0.0167099   0.00200105
  -0.0139206 -0.000454372
  0.00712175  -0.00524675
 -0.00787634   0.00393103
  0.00891032  -0.00680094
  -0.0162734  -0.00138284
   0.0171356   0.00513007
  -0.0174571  -0.00687881
   0.0163025    0.0112365
  -0.0160724   -0.0170526
   0.0129279    0.0169549
  -0.0100204   0.00252041
   0.0178751  -0.00584388
  -0.0236114   0.00259578
   0.0227868   0.00631477
  -0.0254797  -0.00327031
   0.0222115   0.00638223
   -0.020783   -0.0137092
   0.0277833    0.0133495
  -0.0479922   -0.0281406
    0.053417     0.037169
  -0.0533416   -0.0455256
   0.0729216    0.0639143
  -0.0909742    -0.068557
   0.0911801    0.0760465
   -0.116636    -0.109887
    0.126167     0.126724
   -0.175077    -0.172735
    0.227085      0.21897
   -0.593779    -0.587471

real    2254m14.970s
user    282903m39.051s
sys     4m44.862s

---- TRAINING 3 ----
time taskset -c 0-127 ./rbm-matfree-N128-M512-K2-opt -c 128 --model hs -h 0 -n 100 -m 400 --tol 1e-6 --reglam-init 40 --reglam-decay 0.9 --reglam-cutoff 0.2 --load-rbm hs12N128M512K2.mat --dump-rbm hs121 --lrate-init 0.002 --apply-gauge --inverse-gauge
Random seed is 1704989681
-1.64377 -1.64142
-1.64382  -1.6414
-1.64377 -1.64137
-1.64383  -1.6414
-1.64382 -1.64145
-1.64373 -1.64131
-1.64384 -1.64142
-1.64378 -1.64142
-1.64383 -1.64147
-1.64378 -1.64144
-1.64389 -1.64151
-1.64374  -1.6414
-1.64386 -1.64149
-1.64376 -1.64146
-1.64379  -1.6415
-1.64381 -1.64147
-1.64376 -1.64148
-1.64379 -1.64136
-1.64384 -1.64147
-1.64378 -1.64146
-1.64392 -1.64157
 -1.6438 -1.64148
-1.64375 -1.64141
-1.64376 -1.64146
-1.64375 -1.64149
-1.64374 -1.64147
-1.64381 -1.64149
-1.64382 -1.64144
-1.64379 -1.64155
 -1.6438 -1.64157
 -1.6438 -1.64147
-1.64382 -1.64152
-1.64383 -1.64154
 -1.6438 -1.64148
-1.64386 -1.64152
-1.64379 -1.64163
-1.64374 -1.64153
-1.64379  -1.6415
-1.64376 -1.64159
-1.64383 -1.64155
-1.64382  -1.6416
-1.64383 -1.64157
-1.64377 -1.64155
-1.64388  -1.6417
-1.64386 -1.64161
-1.64383 -1.64169
-1.64387 -1.64163
-1.64387 -1.64168
-1.64385 -1.64172
-1.64388  -1.6416
 -1.6439 -1.64162
-1.64381 -1.64166
-1.64389 -1.64163
-1.64391 -1.64167
-1.64384 -1.64156
-1.64395 -1.64171
 -1.6439 -1.64173
-1.64388 -1.64177
-1.64397 -1.64175
-1.64392  -1.6418
 -1.6439 -1.64174
-1.64395 -1.64179
-1.64389 -1.64187
-1.64393 -1.64176
 -1.6439 -1.64178
-1.64385 -1.64177
-1.64397 -1.64182
-1.64397 -1.64186
-1.64392 -1.64185
-1.64398 -1.64185
-1.64395 -1.64188
-1.64395 -1.64186
-1.64399 -1.64191
-1.64399 -1.64193
-1.64395 -1.64177
-1.64399 -1.64189
-1.64398 -1.64192
-1.64399 -1.64188
  -1.644 -1.64188
-1.64407 -1.64198
-1.64407 -1.64203
-1.64401 -1.64201
-1.64405 -1.64194
-1.64401 -1.64195
-1.64402 -1.64198
-1.64405 -1.64197
-1.64411 -1.64197
-1.64406 -1.64204
-1.64402 -1.64198
-1.64405 -1.64205
 -1.6441 -1.64203
-1.64401 -1.64206
  -1.644 -1.64195
-1.64408 -1.64208
-1.64407 -1.64211
-1.64403 -1.64203
-1.64411 -1.64211
 -1.6441 -1.64213
-1.64405 -1.64201
-1.64414 -1.64219
<sx(0) sx(i)> =
           1            1
   -0.584437    -0.580108
    0.228208     0.229148
   -0.181296    -0.180632
    0.116939     0.113366
  -0.0988821   -0.0955701
   0.0840014      0.07364
  -0.0784589   -0.0628434
   0.0600232    0.0550418
  -0.0573286   -0.0481892
    0.044944     0.036666
  -0.0442351   -0.0343935
   0.0421228    0.0307936
  -0.0397899   -0.0265486
   0.0384637    0.0255244
  -0.0375398   -0.0192222
   0.0343513    0.0136588
  -0.0339819   -0.0116822
   0.0293351     0.010993
  -0.0290809  -0.00267677
   0.0270589  0.000586381
  -0.0237509 -0.000283899
   0.0267432  0.000349462
  -0.0301284  -0.00215822
   0.0279356   0.00424795
  -0.0248819  -0.00498304
   0.0248777  0.000695314
  -0.0272241 -4.91052e-05
    0.023388  -0.00375128
  -0.0211544    0.0055777
   0.0234592  -0.00233946
  -0.0197918  0.000482768
   0.0185106  -0.00418493
  -0.0188604     0.011918
   0.0199108   -0.0134174
  -0.0218816   0.00683494
   0.0231687  -0.00649798
  -0.0244983   0.00775704
     0.02493  -0.00839901
  -0.0253477   0.00754775
   0.0215617  -0.00409933
  -0.0225027   0.00148937
   0.0225389   0.00178028
  -0.0237375   0.00437759
   0.0263003  -0.00414888
  -0.0235987  -0.00179633
    0.022939   0.00376932
  -0.0260993  -0.00241439
   0.0263075  0.000251761
  -0.0267054  -0.00109911
   0.0278425   0.00207334
  -0.0299351  -0.00627655
   0.0273575   0.00715672
  -0.0292229  -0.00592247
   0.0295697   0.00693608
  -0.0285863  -0.00734102
    0.029565    0.0058236
  -0.0237482   -0.0050173
   0.0284909   0.00343202
  -0.0297917  -0.00707334
   0.0261723   0.00773539
  -0.0217384  -0.00954341
   0.0258731    0.0163275
  -0.0354903   -0.0123841
   0.0336867    0.0158854
  -0.0309936   -0.0169138
    0.037866    0.0138995
  -0.0372842   -0.0135713
   0.0259814    0.0118987
  -0.0230023  -0.00920035
   0.0307539   0.00859056
  -0.0284801  -0.00974759
    0.024985    0.0132804
  -0.0270621   -0.0122989
   0.0271275     0.012009
  -0.0266354   -0.0143804
   0.0326862   0.00993916
   -0.038346  -0.00769669
   0.0282201    0.0115868
  -0.0267819   -0.0158069
   0.0318663    0.0166479
  -0.0277896   -0.0167916
    0.025368    0.0119581
  -0.0275651   -0.0104564
   0.0328393    0.0116896
  -0.0332532  -0.00556091
   0.0365586   0.00825878
  -0.0350984  -0.00888593
   0.0314433   0.00848788
  -0.0309123  -0.00953852
   0.0261874   0.00594391
  -0.0348322  -0.00428454
   0.0336567    0.0041966
  -0.0297539  -0.00779649
   0.0268228    0.0122638
  -0.0279717  -0.00594909
   0.0242998   0.00628246
  -0.0276946  -0.00766871
   0.0280793   0.00716246
   -0.029693  -0.00757357
   0.0270629   0.00748284
  -0.0257612  -0.00779858
     0.03134   0.00806962
   -0.033038  -0.00179682
   0.0297406  0.000611576
  -0.0301207  -0.00168411
    0.027495   0.00785598
   -0.024503   -0.0110696
   0.0311497   0.00768246
     -0.0295   -0.0113285
    0.028573    0.0101432
  -0.0297374   -0.0104349
   0.0347825    0.0149295
  -0.0359037   -0.0170259
   0.0380528    0.0185719
  -0.0428605   -0.0246339
    0.042321    0.0320713
  -0.0466192    -0.032265
   0.0477451     0.037932
  -0.0546656   -0.0492212
   0.0602326    0.0532763
  -0.0744983   -0.0665488
   0.0800264    0.0730391
   -0.102793   -0.0999354
    0.117674     0.118013
   -0.179928    -0.173104
    0.232139      0.23208
   -0.597514    -0.602838
<sz(0) sz(i)> =
           1            1
   -0.575377    -0.572318
    0.215297      0.21111
   -0.178718     -0.17511
     0.12225     0.123609
  -0.0879585   -0.0862993
   0.0667993    0.0682398
  -0.0815419   -0.0658409
   0.0494595    0.0424545
  -0.0416723   -0.0353589
   0.0257952    0.0325251
  -0.0226547   -0.0216031
   0.0418353     0.010196
   -0.028662  -0.00805672
   0.0148139   0.00471732
  -0.0225013  -0.00683467
   0.0257342   0.00782046
  -0.0182694 -0.000675918
   0.0107859  0.000893821
  -0.0145406   0.00375931
   0.0230928  -0.00192095
  -0.0228823  -0.00438328
  0.00658353   -0.0041226
 -0.00371566   0.00676254
  0.00540015  0.000888908
   -0.011159 -0.000364454
    0.019089    0.0108329
  -0.0149505   -0.0106354
    0.017018   0.00598979
  -0.0135626  -0.00600772
  0.00746323   0.00214614
 -0.00438401  -0.00264724
  0.00298353   0.00955554
  -0.0164314   -0.0172796
   0.0235107    0.0198877
  -0.0190216  -0.00250187
   0.0165406   0.00107657
  -0.0252336  -0.00386794
   0.0223327   0.00301889
  -0.0146919  -0.00429244
   0.0137425   0.00949964
  -0.0187525  -0.00855222
   0.0198419    0.0164081
  -0.0100636   -0.0123973
   0.0087086    0.0044164
 -0.00910556   0.00648837
  0.00452069  -0.00573163
 -0.00783685 -0.000327214
  0.00787082   0.00462918
 -0.00529243   0.00181586
   0.0138053 -0.000602143
  -0.0161164   -0.0070086
  0.00953754    0.0116734
 -0.00560797  -0.00493891
  0.00850126   0.00852999
 -0.00566642  -0.00370858
 -0.00486512   -0.0111505
 -0.00509577    0.0114239
    0.012969  -0.00273465
 -0.00647005   0.00057161
   0.0160521   0.00922137
  -0.0253379   -0.0232168
   0.0138707     0.011598
 -0.00337724  -0.00685714
  0.00183287   0.00613588
-0.000315673   0.00265942
  -0.0060762   0.00338089
 -0.00243539  -0.00744742
 -0.00539816   0.00442159
  0.00333555  -0.00493712
   0.0147073   0.00634742
 -0.00731126   0.00121751
  0.00211338  -0.00113681
 0.000174497   0.00623175
 -0.00682961   -0.0099282
   0.0055883    0.0143726
 -0.00822735   -0.0158742
  0.00292083    0.0065323
  0.00255646  -0.00271271
-0.000880923    0.0079903
  0.00962795   -0.0025967
  -0.0120723  -0.00183397
  0.00593671   0.00187579
-0.000239317  -0.00765131
-0.000967092   0.00420928
   0.0118925    0.0108418
  -0.0192077   -0.0119642
   0.0159248    0.0167705
  -0.0100897   -0.0111994
 -0.00310658  -0.00536998
 -0.00331126   0.00393626
  0.00139528  -0.00190309
   0.0124591   0.00461122
  -0.0106028   0.00689184
   0.0115476  -0.00635234
 -0.00579948   0.00310417
  0.00364487  -0.00837143
 -0.00346794    0.0117101
   0.0148465   0.00292691
   -0.028993  -0.00901486
   0.0229239    0.0166464
   -0.026121   -0.0230977
   0.0277064    0.0157311
  -0.0113406  -0.00283907
  0.00965907    0.0019425
  -0.0192804  -0.00712584
   0.0240704   0.00811707
  -0.0232277  -0.00903788
    0.022453    0.0113752
  -0.0270558   -0.0056395
   0.0269681     0.009985
  -0.0293327   -0.0175423
   0.0244652    0.0107301
  -0.0207546  -0.00268295
    0.039101    0.0147661
  -0.0482641   -0.0232203
   0.0464681    0.0291178
  -0.0539988    -0.036509
   0.0493013    0.0387456
  -0.0530527   -0.0444082
   0.0651295    0.0708471
  -0.0713913   -0.0770072
   0.0686423    0.0667874
   -0.109711    -0.109703
    0.133994     0.127295
   -0.168052    -0.161909
    0.212033     0.206248
   -0.589279    -0.590682

real    2249m30.424s
user    281954m52.470s
sys     4m35.437s
