time taskset -c 0-127 ./rbm-matfree-N128-M256-K2-opt -c 128 --model hs -h 0 -n 100 -m 200 --tol 1e-6 --reglam-init 40 --reglam-cutoff 1 --load-rbm xxzN128M256K2.mat  --lrate-decay 0.999 --lrate-cutoff 0.1
Random seed is 1855232610
-1.46676  -1.4408
-1.47084 -1.44567
-1.47489 -1.45115
-1.48004 -1.45617
-1.48203 -1.45973
-1.48564 -1.46482
-1.49142 -1.47172
 -1.4954 -1.47612
-1.49902  -1.4818
-1.50441 -1.48583
-1.50827 -1.49173
-1.51465 -1.49853
-1.51881 -1.50323
-1.52409 -1.50842
-1.52821 -1.51379
-1.53383 -1.51906
-1.53916 -1.52582
-1.54379 -1.53007
-1.54937 -1.53583
-1.55455 -1.54209
-1.55919 -1.54662
-1.56436 -1.55161
-1.56846 -1.55681
-1.57383 -1.56243
-1.57758 -1.56613
-1.58251  -1.5712
-1.58645 -1.57504
 -1.5896 -1.57917
-1.59368 -1.58346
-1.59699 -1.58641
-1.60036 -1.59024
-1.60335 -1.59338
-1.60626 -1.59623
-1.60837 -1.59861
-1.61086 -1.60086
-1.61323 -1.60315
-1.61506 -1.60551
-1.61722 -1.60765
-1.61882 -1.60889
-1.62005  -1.6107
-1.62168 -1.61287
-1.62272 -1.61373
-1.62366 -1.61493
-1.62463 -1.61553
-1.62536 -1.61732
-1.62592  -1.6181
-1.62699 -1.61912
-1.62748 -1.61974
-1.62825 -1.62074
-1.62885 -1.62138
-1.62941 -1.62192
 -1.6298 -1.62261
-1.63047 -1.62343
-1.63023 -1.62359
 -1.6312 -1.62403
-1.63147 -1.62492
-1.63188 -1.62531
-1.63223 -1.62612
-1.63248 -1.62632
-1.63296  -1.6266
 -1.6331 -1.62669
-1.63335 -1.62736
 -1.6338 -1.62755
-1.63381 -1.62807
-1.63434 -1.62834
-1.63406 -1.62854
-1.63447  -1.6288
-1.63467 -1.62911
 -1.6349 -1.62923
-1.63535 -1.62949
-1.63523 -1.62966
-1.63516 -1.63006
-1.63551 -1.63028
-1.63601 -1.63073
-1.63601 -1.63062
-1.63602 -1.63113
-1.63604 -1.63119
 -1.6362 -1.63141
-1.63655  -1.6315
-1.63683 -1.63188
-1.63679 -1.63189
 -1.6368 -1.63215
-1.63713 -1.63256
-1.63714 -1.63258
-1.63695 -1.63245
-1.63753  -1.6331
-1.63736 -1.63281
-1.63766 -1.63317
-1.63771  -1.6333
-1.63782 -1.63364
-1.63799 -1.63353
-1.63796 -1.63355
-1.63812 -1.63381
-1.63813 -1.63397
-1.63817 -1.63405
-1.63819  -1.6342
 -1.6387 -1.63457
-1.63864 -1.63432
-1.63862 -1.63468
-1.63852 -1.63477
<sx(0) sx(i)> =
           1            1
    -0.58288     -0.59065
    0.220807     0.227444
   -0.172771    -0.166959
    0.113172     0.105961
  -0.0935789   -0.0792713
   0.0717913    0.0561399
  -0.0573019   -0.0408795
   0.0475645    0.0310569
  -0.0419778   -0.0304938
   0.0394143    0.0202661
  -0.0454776  -0.00763136
   0.0342896    0.0150497
  -0.0221923  -0.00637661
   0.0208022  -0.00195909
  -0.0293454   0.00700469
   0.0301453 -0.000535032
   -0.025192   0.00250689
   0.0228188   -0.0141797
  -0.0184674    0.0152218
    0.013322   -0.0144247
  -0.0173251    0.0110233
   0.0221513   -0.0127756
  -0.0226723    0.0156395
   0.0167444    -0.011485
  -0.0204169    0.0153803
   0.0215729   -0.0139941
  -0.0199886    0.0183411
   0.0209485   -0.0115611
  -0.0222864    0.0115678
   0.0263103  -0.00725266
  -0.0254685    0.0091231
   0.0213692  -0.00720588
  -0.0230634   0.00700132
   0.0267627   -0.0111343
  -0.0259537   0.00053215
   0.0264873  -0.00588613
   -0.026181     0.013406
   0.0235134  -0.00497915
  -0.0281048   0.00068914
   0.0314644   0.00447884
  -0.0263214  0.000477142
   0.0253129   0.00970125
  -0.0342079   0.00135155
   0.0261082    0.0846638
  -0.0138929    -0.313444
   0.0170083     0.291603
   -0.023701   -0.0669916
   0.0278898  -0.00639892
  -0.0282313   0.00831602
   0.0263703 -0.000843896
  -0.0260492  -0.00954539
   0.0311394   0.00293806
  -0.0320924   0.00288951
   0.0312262 -0.000275064
  -0.0330158  0.000814927
   0.0360517  -0.00376903
  -0.0355689  0.000331894
   0.0333646   0.00160158
  -0.0281117   -0.0026296
   0.0285657   0.00434831
  -0.0329075 -0.000302534
    0.031532  -0.00184138
  -0.0271214 -0.000338734
   0.0280645   0.00229586
   -0.032265  -0.00223402
   0.0275816   0.00168959
  -0.0259425 -0.000271056
   0.0270571    0.0027408
  -0.0309665   0.00239932
   0.0363289  -0.00615107
  -0.0339652   0.00113084
   0.0294485  -0.00248056
  -0.0262665   0.00120254
   0.0363223  0.000550561
  -0.0337421  -0.00350276
    0.034735   0.00233758
  -0.0327995 -0.000125324
   0.0292392   0.00120184
  -0.0299938  0.000177671
   0.0264193  -0.00023327
  -0.0316465  -0.00143951
   0.0327782   0.00590913
  -0.0261321   -0.0121018
   0.0306281   0.00975563
  -0.0360574  -0.00449241
   0.0313799   0.00101171
  -0.0281825   0.00077766
    0.028723   0.00278939
  -0.0255381  -0.00211952
   0.0259183  0.000586937
  -0.0233907  -0.00394445
   0.0232848    0.0119666
  -0.0292166  -0.00862141
   0.0299262   0.00162436
  -0.0289078  -0.00429425
   0.0297707   0.00458249
  -0.0300056  -0.00443458
   0.0265197   0.00203647
  -0.0335983  -0.00956551
   0.0308656    0.0212492
   -0.024724  -0.00601903
   0.0296944 -0.000203576
  -0.0281591   0.00306192
   0.0233345 -0.000328147
  -0.0202366  -0.00463908
   0.0201882    0.0030492
  -0.0182088   0.00481607
   0.0170586   -0.0082769
  -0.0211152    0.0104251
   0.0242201  -0.00436259
  -0.0262386    0.0031639
   0.0231155  -0.00448979
   -0.031214   0.00365297
   0.0270723   0.00364788
  -0.0256051  -0.00462951
   0.0331608   0.00834843
  -0.0461986   -0.0114873
   0.0480596    0.0155441
  -0.0486924    -0.023298
   0.0468996    0.0307265
  -0.0597486    -0.041413
   0.0749232    0.0589364
  -0.0981115   -0.0831354
    0.110729     0.111404
   -0.168386      -0.1728
    0.226924     0.223621
   -0.595409     -0.58188
<sz(0) sz(i)> =
           1            1
   -0.588797    -0.582219
    0.225489     0.205527
   -0.163744    -0.147506
      0.1227    0.0933933
   -0.104679   -0.0711022
   0.0675499    0.0607314
  -0.0598292   -0.0554833
   0.0482291    0.0264584
  -0.0385069   -0.0138369
   0.0357456    0.0205825
  -0.0225953   -0.0040453
   0.0290751   0.00850298
  -0.0455379   -0.0153996
   0.0289428   0.00308843
  -0.0316062  -0.00690946
   0.0362953   0.00682967
  -0.0357615  -0.00478539
   0.0327011    0.0119082
  -0.0398538   -0.0128806
     0.03513   0.00619815
  -0.0133838   0.00182133
   0.0116524   0.00428514
  -0.0174294   0.00211692
   0.0156261  -0.00382922
 -0.00231107    0.0111392
 0.000284564  -0.00731581
 -0.00175057   -0.0028588
   0.0111766    0.0155421
 -0.00873899   -0.0109485
 -0.00172194   -0.0112468
  -0.0084722    0.0019097
  0.00754155    0.0109741
 -0.00232436  -0.00970689
  0.00993237   0.00389576
  -0.0161924  -0.00146385
   0.0180303     0.016501
  -0.0181473   -0.0127121
  0.00539215   0.00796722
 -0.00997384    -0.013698
-3.12115e-05   0.00557809
   0.0118119   0.00857875
  -0.0150292  -0.00653334
  0.00873563    0.0143112
 -0.00681144   -0.0170167
 0.000467583  -0.00234258
   0.0124959     0.013676
  -0.0110078  -0.00172658
  0.00805779  -0.00266716
 -0.00726602   0.00664102
  0.00423088  -0.00969963
  -0.0153971  -0.00366539
    0.012139   0.00426721
  -0.0120121  -0.00947225
   0.0180166   0.00737402
  -0.0124248    -0.010544
   0.0183133    0.0223898
  -0.0146705   -0.0191576
  0.00693048     0.013382
 -0.00540613   -0.0150626
 -0.00102231    0.0152411
 -0.00304872 -0.000935658
 0.000529283   0.00158009
 0.000985274  -0.00489152
 -0.00316247 -0.000587531
  0.00865043   0.00986519
  0.00511222  -0.00315909
 -0.00639812  -0.00500813
 -0.00653395   -0.0125285
   0.0209336    0.0223476
  -0.0201536  -0.00523702
   0.0104306 -0.000586821
  -0.0046431   3.3726e-05
 -0.00107745  -0.00728193
  0.00406098   0.00718902
 -0.00287134  -0.00908178
 -0.00183634   0.00675822
   0.0060686    0.0033064
  -0.0111042   0.00415111
   0.0121835    -0.010621
 -0.00686057   0.00920432
 -0.00150369   -0.0114651
  0.00646366     0.013302
 -0.00706121  -0.00653254
   0.0107298  0.000988987
  -0.0165516   0.00334852
   0.0126704   0.00584526
 -0.00228497   0.00540997
-0.000872736   -0.0190491
  0.00352707    0.0220198
  0.00259386   -0.0135314
   -0.014232  -0.00279929
   0.0122554    0.0134477
 -0.00321373   -0.0158488
-0.000725802   0.00267893
  0.00669414   0.00635273
  -0.0122749   -0.0131157
   0.0097719    0.0077281
 -0.00548493  -0.00568695
  0.00285612   0.00886263
 0.000411261  -0.00455189
 -0.00403619   0.00403619
   0.0118892   -0.0012642
  -0.0186194  -0.00419314
  0.00215106   -0.0115261
-0.000324441    0.0132932
  0.00031096   -0.0110141
 0.000392799    0.0128103
  0.00871051   -0.0112105
  -0.0071575    0.0169231
   0.0133592   -0.0142967
  -0.0146972    0.0146972
   0.0219218   -0.0126249
  -0.0338735    0.0207485
    0.018521   -0.0200054
 -0.00499517    0.0234327
   0.0113402   -0.0117308
  -0.0442922    -0.015864
   0.0353389    0.0155205
  -0.0377856   -0.0165894
    0.059577    0.0457355
   -0.067099   -0.0575104
   0.0677272    0.0470385
  -0.0892888   -0.0645393
    0.109101    0.0887898
    -0.17207    -0.164962
    0.221539     0.215883
   -0.593079    -0.573796

real    383m39.948s
user    48420m54.863s
sys     2m15.196s
