time taskset -c 0-127 ./rbm-matfree-N64-M256-K2-opt -c 128 --model hs -h 0 -n 200 -m 400 --tol 1e-8 --load-rbm xxzN64M256K2.mat --reglam-init 1 --reglam-decay 0.9 --reglam-cutoff 0.1
Random seed is 3759512344
-1.62216 -1.59525
-1.62528  -1.6007
-1.62826 -1.60505
-1.63023 -1.60849
-1.63201 -1.61149
-1.63355 -1.61422
-1.63499 -1.61646
-1.63596 -1.61829
-1.63694    -1.62
 -1.6379 -1.62195
-1.63882 -1.62335
-1.63933 -1.62488
-1.64011 -1.62618
-1.64074 -1.62753
-1.64118 -1.62869
-1.64161  -1.6296
  -1.642 -1.63051
-1.64233 -1.63145
 -1.6427 -1.63222
-1.64296 -1.63294
-1.64336 -1.63369
 -1.6435 -1.63428
-1.64369 -1.63483
-1.64401 -1.63525
 -1.6441 -1.63596
 -1.6443 -1.63641
-1.64436 -1.63674
-1.64456  -1.6372
-1.64464 -1.63749
-1.64478 -1.63794
-1.64488 -1.63818
-1.64502 -1.63846
-1.64506 -1.63874
-1.64508 -1.63894
-1.64526 -1.63914
-1.64532 -1.63934
-1.64534 -1.63952
-1.64543 -1.63976
-1.64557 -1.63978
-1.64551 -1.63999
-1.64565  -1.6401
-1.64565 -1.64022
-1.64578 -1.64047
-1.64579 -1.64051
-1.64578 -1.64054
-1.64571 -1.64068
-1.64605 -1.64095
-1.64594 -1.64092
-1.64592 -1.64083
-1.64595  -1.6408
-1.64613 -1.64091
-1.64602 -1.64105
-1.64613 -1.64111
-1.64609 -1.64102
-1.64615 -1.64119
-1.6462 -1.6412
-1.64623 -1.64123
-1.64621 -1.64114
-1.64616 -1.64128
-1.64625 -1.64142
-1.64605 -1.64112
 -1.6463 -1.64143
-1.64635 -1.64137
-1.64633 -1.64135
-1.64625  -1.6412
-1.64631  -1.6414
-1.64625 -1.64133
-1.64633 -1.64138
-1.64634 -1.64117
-1.64626 -1.64131
-1.64648 -1.64138
-1.64645 -1.64158
-1.64631 -1.64125
-1.64646 -1.64136
-1.64627 -1.64129
-1.64632  -1.6414
-1.64642  -1.6414
-1.64644 -1.64163
-1.64637 -1.64135
-1.64644 -1.64124
-1.64642 -1.64127
-1.64623 -1.64142
-1.64645 -1.64134
-1.64637 -1.64142
-1.64634 -1.64148
-1.64648 -1.64138
-1.64647 -1.64134
-1.64644 -1.64145
-1.64647 -1.64121
 -1.6465 -1.64157
-1.64655 -1.64153
-1.64643 -1.64141
-1.64659 -1.64166
-1.64625 -1.64111
-1.64642 -1.64154
-1.64632 -1.64133
-1.64648 -1.64112
-1.64642 -1.64115
-1.64624 -1.64123
-1.64649 -1.64135
-1.64652 -1.64175
-1.64643 -1.64139
-1.64648 -1.64154
-1.64637 -1.64145
-1.64645 -1.64148
-1.64669 -1.64148
-1.64635 -1.64144
 -1.6465 -1.64136
-1.64655  -1.6415
-1.64638 -1.64115
-1.64637 -1.64117
-1.64641  -1.6414
-1.64644 -1.64109
-1.64639 -1.64164
-1.64632 -1.64136
-1.64654 -1.64099
-1.64669 -1.64146
-1.64661 -1.64166
-1.64681 -1.64131
-1.64656 -1.64141
-1.64667 -1.64104
-1.64655 -1.64136
-1.64676 -1.64171
-1.64659 -1.64134
-1.64624 -1.64129
 -1.6462 -1.64146
-1.64665 -1.64163
-1.64632 -1.64131
-1.64633 -1.64132
-1.64656 -1.64115
-1.64659 -1.64138
-1.64635 -1.64157
-1.64663 -1.64134
-1.64655 -1.64145
-1.64666 -1.64136
-1.64654  -1.6414
 -1.6464 -1.64154
 -1.6464 -1.64127
-1.64643 -1.64122
-1.6465 -1.6412
-1.64635 -1.64151
-1.64645 -1.64166
-1.64627 -1.64128
-1.64639 -1.64154
-1.64647 -1.64116
-1.64648 -1.64119
-1.64625 -1.64138
-1.64654 -1.64159
-1.64654 -1.64149
-1.64653 -1.64133
-1.64634 -1.64149
-1.64657  -1.6415
-1.64629 -1.64144
-1.64643  -1.6412
-1.64633 -1.64157
-1.64669 -1.64168
-1.64635 -1.64167
-1.64658  -1.6415
-1.64634 -1.64129
-1.64652 -1.64141
-1.64641 -1.64132
-1.64652 -1.64155
-1.64643 -1.64123
-1.64633 -1.64126
-1.64669 -1.64124
 -1.6463 -1.64158
-1.64663 -1.64128
-1.64648 -1.64142
-1.64607 -1.64108
-1.64627 -1.64148
-1.64633  -1.6415
-1.64615 -1.64125
-1.64635 -1.64126
-1.64651 -1.64139
 -1.6461 -1.64168
-1.64654 -1.64128
-1.64601  -1.6412
-1.64603 -1.64119
-1.64637 -1.64136
-1.64648 -1.64114
-1.64606 -1.64106
 -1.6466 -1.64177
-1.64665 -1.64184
-1.64675 -1.64168
-1.64651 -1.64122
-1.64611 -1.64113
-1.64632 -1.64104
-1.64626 -1.64146
-1.64631  -1.6413
-1.64626 -1.64109
-1.64664 -1.64129
-1.6463 -1.6415
-1.64645 -1.64124
-1.64641 -1.64134
-1.64615  -1.6411
-1.64649 -1.64125
-1.64643 -1.64116
-1.64648 -1.64088
 -1.6464 -1.64152
-1.64622 -1.64131
<sx(0) sx(i)> =
           1            1
   -0.583671    -0.616022
    0.252632      0.22304
    -0.20314    -0.170985
    0.185003    0.0852519
   -0.143774   -0.0879054
   0.0847884    0.0723744
  -0.0837541   -0.0602152
   0.0816346    0.0485191
  -0.0620662   -0.0360708
   0.0445238    0.0427489
  -0.0469425   -0.0227911
   0.0480417    0.0180199
  -0.0409435  -0.00948738
   0.0238722    0.0168696
  -0.0304238   -0.0127273
   0.0360895    0.0050382
  -0.0349032   0.00232659
    0.031286   0.00142793
  -0.0256752 -0.000435663
   0.0213931  -0.00582345
  -0.0242839    0.0107096
     0.03059   -0.0160811
  -0.0306638   0.00987355
   0.0205823   -0.0115848
  -0.0322607    0.0208993
   0.0450899   -0.0199157
  -0.0346479    0.0167218
   0.0145806   -0.0155704
  -0.0198898    0.0214681
   0.0228546   -0.0256376
  -0.0173034    0.0225279
   0.0221111    -0.018667
  -0.0214366    0.0295325
   0.0218508   -0.0296922
  -0.0220013    0.0132946
    0.024837    -0.021752
  -0.0292217    0.0262986
   0.0271773   -0.0153528
  -0.0305684    0.0195731
   0.0239176   -0.0290587
  -0.0305501    0.0391412
   0.0371987   -0.0312213
  -0.0307042    0.0237205
   0.0304589   -0.0179153
  -0.0307756   0.00893266
   0.0305124  -0.00596517
  -0.0251914  -0.00259552
   0.0403269   0.00683562
  -0.0581115  -0.00849677
    0.067048    0.0131347
  -0.0633716   -0.0277335
   0.0427258    0.0336184
   -0.048934   -0.0322567
   0.0699432    0.0263736
  -0.0758569   -0.0370234
   0.0614907    0.0474719
  -0.0780922   -0.0604083
   0.0781116    0.0575652
   -0.124606   -0.0860586
    0.152632     0.116055
   -0.172841    -0.170917
    0.191856     0.238324
   -0.608819     -0.58647
<sz(0) sz(i)> =
          1           1
  -0.530964   -0.593879
   0.171065    0.180107
  -0.184188   -0.146085
   0.137039    0.138742
  -0.128771  -0.0689634
   0.115466   0.0554319
 -0.0505406  -0.0540297
 -0.0205315   0.0277972
-0.00184863  -0.0297139
 0.00645545   -0.028057
   0.023225   0.0393141
 -0.0297877 -0.00747792
 0.00898556   0.0174207
  0.0896122  0.00464562
 -0.0198781  -0.0150438
 -0.0846229  -0.0351427
  0.0389894   0.0384716
  0.0102995   0.0230208
 -0.0228029  -0.0309861
  0.0537376   0.0196608
 -0.0505974  -0.0516683
  0.0672743   0.0470226
  -0.115495  -0.0507155
  0.0553473   0.0468402
 -0.0628568 -0.00972129
  0.0267387  -0.0147074
  0.0142694   0.0674884
  0.0498483  -0.0643405
 -0.0749394   0.0405254
 -0.0108286  -0.0279995
  0.0477055   0.0466305
  0.0142929  -0.0487851
 -0.0833127   0.0370237
  0.0430577  0.00795794
-0.00486313  -0.0209572
  0.0405923   0.0213999
 -0.0092385  0.00572288
 0.00281267  -0.0546486
 -0.0305143   0.0493033
  0.0592186  -0.0516795
 -0.0551279   0.0230185
 -0.0271122   0.0669169
 -0.0333496  -0.0944239
  0.0605584    0.101629
 -0.0330047  -0.0426203
  0.0151769 0.000565238
  0.0168101  -0.0360289
 -0.0441507   0.0302444
  0.0249624  0.00374851
 -0.0133276   0.0345386
 -0.0368433   -0.118274
  0.0154105   0.0874411
  0.0711124   -0.077128
 -0.0636915   0.0545509
 -0.0220102  -0.0279117
  0.0643929   0.0559196
 -0.0618876  -0.0761593
   0.116809    0.110417
  -0.111305   -0.104828
  0.0478212   0.0472959
 -0.0992166  -0.0893381
   0.238385    0.132591
  -0.627385   -0.528083

real    1003m10.368s
user    128191m55.768s
sys     1m16.542s
