time taskset -c 0-127 ./rbm-matfree-N104-M416-K2-opt -c 128 --model trappedion -h 2 -n 100 -m 400 --tol 1e-5 --reglam-init 40 --reglam-decay 0.9 --reglam-cutoff 0.2
Random seed is 1541612355
-1.95209 -1.89647
-2.10563 -1.96668
-2.31662 -2.27666
-2.37853 -2.34743
-2.40984 -2.38139
-2.42989 -2.40192
-2.44339 -2.41618
-2.45453 -2.42803
-2.46316 -2.43701
-2.47007 -2.44367
-2.47545  -2.4493
   -2.48 -2.45352
-2.4831 -2.4572
-2.48592    -2.46
-2.48841 -2.46259
-2.48991 -2.46433
-2.49145  -2.4663
-2.49287 -2.46764
-2.49358 -2.46859
-2.49429  -2.4694
-2.49487  -2.4702
-2.49524 -2.47055
-2.49549 -2.47093
-2.49578 -2.47129
-2.49602 -2.47154
-2.49609  -2.4718
 -2.4961 -2.47193
-2.49638 -2.47226
-2.49645  -2.4722
-2.49642 -2.47231
-2.49638 -2.47236
-2.49651 -2.47247
-2.49662 -2.47246
-2.49645 -2.47253
-2.49653 -2.47251
-2.4966 -2.4726
-2.49651 -2.47263
-2.49656 -2.47256
-2.49665  -2.4728
-2.49655  -2.4727
-2.49653  -2.4727
-2.49662 -2.47275
-2.49656 -2.47274
-2.49662 -2.47283
-2.49657 -2.47286
-2.49657 -2.47292
-2.49658 -2.47284
-2.49664 -2.47289
-2.49648 -2.47281
-2.49654 -2.47289
 -2.4966 -2.47297
-2.49655 -2.47292
-2.49652 -2.47289
-2.49652 -2.47302
-2.49658 -2.47292
-2.49658 -2.47305
-2.49659 -2.47298
-2.49661 -2.47302
-2.49652 -2.47296
-2.49662  -2.4731
-2.49654 -2.47293
-2.49654 -2.47318
-2.49661 -2.47301
-2.49662 -2.47313
-2.49652 -2.47305
 -2.4966 -2.47311
-2.49661 -2.47308
-2.49663 -2.47315
-2.49648 -2.47331
-2.49654  -2.4731
 -2.4966 -2.47314
-2.49671 -2.47318
-2.49664 -2.47314
-2.49655 -2.47326
-2.49657 -2.47317
-2.49667 -2.47328
 -2.4966 -2.47333
-2.49658 -2.47325
-2.49666 -2.47321
-2.49662 -2.47316
-2.49661 -2.47323
-2.49667 -2.47331
-2.49672 -2.47325
-2.49668 -2.47339
-2.49652 -2.47326
-2.49669 -2.47347
 -2.4966 -2.47345
-2.49668 -2.47335
-2.49664 -2.47342
-2.49657  -2.4734
-2.49663 -2.47342
-2.49655 -2.47347
-2.49651 -2.47342
-2.49658 -2.47342
-2.49655 -2.47336
-2.49659 -2.47341
-2.4967 -2.4734
-2.4967 -2.4734
-2.49666 -2.47349
-2.49659 -2.47339
<sx(0) sx(i)> =
       1        1
0.910856 0.908333
0.909629 0.905114
0.873744 0.870482
0.872442 0.868664
0.849368  0.84632
0.876805 0.866368
 0.87407 0.873518
0.854007 0.845225
0.846883 0.835701
0.862658 0.844751
0.858998 0.849443
0.859607 0.835397
0.859647 0.831551
0.840472 0.803191
0.848389 0.836011
0.866951 0.862584
0.862213 0.857915
0.850703 0.814359
0.848181 0.803533
 0.86283 0.857793
0.856669 0.857956
0.850987 0.843908
0.845512 0.820946
0.870626 0.865324
0.858818 0.851213
0.836815 0.830966
0.846389 0.843187
0.834048 0.827904
0.872293 0.866838
0.862323 0.856722
0.838534 0.836501
0.844176 0.839767
0.847125 0.836668
0.865493 0.861718
0.862688 0.860117
0.847911 0.837488
0.844916  0.83884
0.851493 0.844685
0.860072  0.85312
0.861965 0.855993
0.843667  0.83712
0.847531 0.839014
 0.85129 0.844759
0.857976 0.841051
0.861321 0.851645
0.842643 0.837338
0.849518 0.837966
0.846904 0.842709
 0.85822 0.830439
0.843525 0.841928
 0.85985  0.85453
 0.85054  0.83961
0.846859 0.837644
0.846319  0.83709
0.858728 0.809177
0.856607 0.852814
0.850637 0.848642
 0.84696 0.846244
0.845251 0.818863
0.861626 0.803177
 0.86047 0.853451
0.849665 0.812026
0.847894 0.814737
0.844902 0.829278
0.862788 0.853644
0.859852 0.855415
0.844945  0.83775
0.844668 0.842622
0.841091 0.774668
0.860209 0.857747
 0.86526 0.853223
0.843125 0.780882
0.845126 0.717135
0.840668 0.669528
0.869028 0.773763
0.864702 0.830608
0.830988 0.625029
0.848554  0.77907
0.835632 0.727194
0.862532 0.868122
0.869388 0.863085
0.847887 0.845828
0.849046 0.817677
0.860192 0.851666
0.865452 0.869858
0.849518 0.845346
0.850532 0.845302
 0.86162 0.851648
0.839021 0.838669
0.866348 0.865196
 0.84524 0.836621
0.863656 0.854238
0.863136 0.857144
0.859712 0.854595
0.860882  0.85408
0.859573 0.860052
0.854877 0.855673
0.865535 0.865989
0.869581 0.870566
0.852636 0.852404
0.877726 0.877671
 0.86845 0.867575
 0.90334 0.906256
<sz(0) sz(i)> =
           1            1
    -0.17226    -0.179107
   -0.168984    -0.166485
  0.00501113   0.00522324
 0.000630548  -0.00688055
 -0.00499885  -0.00914177
  -0.0201918   -0.0233238
  -0.0114528   -0.0139379
 -0.00444685  -0.00207659
 -0.00627139  -0.00380674
 -0.00674625  -0.00430844
 -0.00480073 -0.000472704
  -0.0043305   0.00257269
 -0.00508498  -0.00444627
  0.00150437  -0.00443406
-0.000172823  -0.00385061
 -0.00963072  -0.00611147
 -0.00439717   -0.0040794
 -0.00153868   0.00251524
  -0.0054017  -0.00682487
 0.000124241  -0.00281955
 -0.00480448  -0.00535177
  0.00293031 -0.000938119
  0.00244207   0.00677668
 -0.00166278   -0.0048216
 -0.00342599  -0.00235526
 -0.00393113  -0.00544387
  0.00225412   0.00446463
 -0.00265493  -0.00422007
 -0.00876285   0.00180972
 -0.00674336 -0.000756641
 -0.00302388  -0.00365581
  -0.0105063  -0.00429835
  0.00284677  -0.00163583
 0.000765338  -0.00506221
 0.000384628 -0.000697128
  0.00398429   0.00218759
   0.0029789   0.00416953
  -0.0112605  -0.00721604
  -0.0028128  -0.00707002
 -0.00305217  0.000513112
-1.56091e-05    0.0013828
  0.00290811   0.00306846
 -0.00307126    0.0039697
 -0.00387408  -0.00448529
 -0.00532511    0.0023173
  0.00291728   0.00137959
  -0.0047315  -0.00288569
  -0.0081035  -0.00353713
  0.00543419   0.00522987
 -0.00275621  -0.00302504
  0.00497446  -0.00388071
 0.000444606  -0.00813992
   0.0101714   0.00967233
 -0.00400507  -0.00286993
 -0.00416925  -0.00618232
 -0.00702295  -0.00231299
 -0.00465255  0.000863485
 -0.00283493   0.00482711
 -0.00190387  -0.00598676
 -0.00421214  -0.00211599
  0.00322196  -0.00169853
 -0.00161812  -0.00178032
   -0.004431  -0.00502213
  0.00391853  0.000143972
 -0.00652361  -0.00675764
 -0.00495684  -0.00324629
-0.000587187   0.00289187
 0.000435418  0.000189582
-0.000424663   0.00347154
 -0.00470645  -0.00962948
  0.00244372   0.00173596
 3.54027e-06  -0.00183948
 -0.00698882   0.00155913
 -0.00270714  -2.7237e-05
 -0.00255413   0.00345257
 -0.00082893  -0.00831169
  0.00213076  0.000837987
 -0.00305101  -0.00972243
  0.00257633   0.00269711
 -0.00138051  -0.00334605
 -0.00508043  -0.00222426
 -0.00406177  -0.00414135
   0.0025052   0.00542449
  0.00133317   0.00604965
  0.00150359   -0.0108005
 -0.00401361  -0.00270514
 -0.00405201  -0.00161206
  0.00193538  -0.00447445
 -0.00506145  -0.00075886
 -0.00580129  -0.00638621
-0.000777001   0.00378481
  0.00426947  -0.00219916
 -0.00122467   -0.0024472
   3.491e-05   0.00375415
  0.00159063  0.000596867
 -0.00900214  -0.00248223
  0.00386823  -0.00543073
 -0.00746924  -0.00108545
  0.00910839   0.00393849
 -0.00327941  -0.00382997
    -0.00609  -0.00340219
 0.000530633   0.00138343
-5.03534e-06  -0.00425278

real    712m52.708s
user    84811m32.095s
sys     17m42.416s
