time taskset -c 0-127 ./rbm-matfree-N20-M80-K2-opt -c 128 --model trappedion -h 1 -n 100 -m 400 --tol 1e-8
Random seed is 2781066753
-0.897482 -0.716325
3.31743 5.38958
-1.31908 -1.02774
-1.46977 -1.23129
-1.50877 -1.32209
-1.52718 -1.38342
-1.53968 -1.42526
-1.54656 -1.45607
-1.55118 -1.48019
-1.55573 -1.49648
 -1.5587 -1.50721
 -1.5611 -1.51435
  -1.563 -1.51987
-1.56445 -1.52369
-1.56573 -1.52695
-1.56663 -1.52915
-1.56738  -1.5303
-1.56791 -1.53229
-1.56836 -1.53333
-1.56864 -1.53406
-1.56894 -1.53525
-1.56913 -1.53577
-1.56933 -1.53636
-1.56956 -1.53684
-1.56968 -1.53716
-1.56982 -1.53783
-1.56986  -1.5379
-1.56994 -1.53814
-1.56994 -1.53831
-1.57003 -1.53846
-1.57006 -1.53881
 -1.5701 -1.53892
-1.57013 -1.53901
-1.57017 -1.53906
-1.57016 -1.53915
-1.57019 -1.53921
-1.57018 -1.53933
 -1.5702 -1.53936
-1.57025 -1.53946
-1.57023 -1.53949
-1.57026 -1.53962
-1.57023 -1.53963
-1.57029 -1.53972
-1.57025 -1.53975
-1.57027 -1.53984
-1.57027 -1.53984
-1.57024 -1.53985
-1.57028 -1.53996
-1.5703   -1.54
-1.57027 -1.53998
-1.57028 -1.54004
-1.57028 -1.54008
-1.57031 -1.54011
 -1.5703 -1.54018
 -1.5703 -1.54022
-1.57031 -1.54015
-1.57033 -1.54024
-1.57032 -1.54022
-1.57033 -1.54021
 -1.5703 -1.54029
-1.57033 -1.54028
-1.57033 -1.54029
 -1.5703 -1.54033
-1.57033  -1.5403
-1.57032 -1.54037
-1.57033 -1.54036
-1.57033 -1.54036
-1.57034 -1.54039
-1.57033  -1.5404
-1.57033  -1.5404
-1.57033 -1.54041
-1.57032 -1.54042
-1.57029 -1.54044
-1.57032 -1.54044
-1.57035 -1.54049
-1.57033 -1.54048
-1.57031 -1.54048
-1.57032 -1.54048
-1.57034 -1.54046
-1.57034 -1.54054
-1.57035 -1.54055
-1.57033 -1.54055
-1.57032 -1.54055
-1.57034 -1.54056
-1.57034 -1.54052
-1.57033 -1.54056
-1.57033 -1.54054
-1.57033 -1.54061
 -1.5703 -1.54063
-1.57035 -1.54061
-1.57036 -1.54059
-1.57035 -1.54061
-1.57031 -1.54061
-1.57035 -1.54061
-1.57032 -1.54065
-1.57032 -1.54058
-1.57031 -1.54062
-1.57034 -1.54065
-1.57031 -1.54061
-1.57034 -1.54067
<sx(0) sx(i)> =
       1        1
0.852314 0.635783
0.578332 0.407497
 0.63884 0.494632
0.641058  0.60237
0.614908 0.454902
0.613501 0.545738
0.606121  0.47018
0.598213 0.483294
0.599019 0.492662
0.592219 0.437958
0.595776 0.528318
0.598388 0.444857
0.614963 0.561258
0.613435 0.467655
0.641098 0.582541
0.616133 0.517247
0.571059 0.430943
0.547666 0.431019
0.645949 0.549767
<sz(0) sz(i)> =
          1           1
  -0.575186   -0.631806
   0.274367    0.434812
  -0.157579   -0.335233
 -0.0595905  -0.0833001
  0.0643187    0.300369
 -0.0085962   -0.117068
  -0.049254   -0.266488
 0.00453079    0.217735
  0.0213403    0.193074
 -0.0153324    -0.28541
 -0.0193349   -0.118399
  0.0106045    0.293653
  0.0029285   0.0171496
 -0.0110636   -0.277843
 -0.0143348    0.102108
 -0.0015415    0.199862
-0.00352717   -0.266043
    0.00107     0.23725
-0.00871603   -0.194565

real    749m36.633s
user    95922m27.033s
sys     0m10.956s
