time taskset -c 0-127 ./rbm-matfree-N124-M496-K2-opt -c 128 --model trappedion -h 2 -n 100 -m 400 --tol 1e-5 --reglam-init 40 --reglam-cutoff 0.2                     Random seed is 1772421868
-1.94932 -1.93056
 -2.091 -2.0039
-2.30411 -2.25703
-2.38005 -2.35189
-2.41632 -2.39259
-2.43731 -2.41488
-2.45221 -2.42996
-2.46307 -2.44184
-2.47253 -2.45038
-2.47872 -2.45775
-2.48464 -2.46317
 -2.4884 -2.46751
-2.49194   -2.471
-2.49487 -2.47392
-2.49734 -2.47663
  -2.499 -2.47828
-2.50043  -2.4799
-2.50151 -2.48112
-2.50228 -2.48216
-2.50295 -2.48287
-2.50353 -2.48353
 -2.5039 -2.48399
-2.50423 -2.48449
-2.50447 -2.48489
-2.50466 -2.48509
-2.50476 -2.48525
-2.50484 -2.48545
-2.50494  -2.4856
-2.50488 -2.48558
-2.50499 -2.48575
-2.50505 -2.48571
-2.50512  -2.4859
-2.50515 -2.48594
-2.50509 -2.48603
 -2.5051 -2.48591
-2.50521   -2.486
-2.50524 -2.48614
 -2.5051 -2.48612
-2.50512 -2.48616
-2.50512 -2.48614
-2.50515  -2.4862
-2.50517 -2.48619
-2.50523 -2.48615
-2.50512 -2.48626
 -2.5052 -2.48625
-2.50507 -2.48625
-2.50505 -2.48644
-2.50516 -2.48636
-2.50519 -2.48629
-2.50529 -2.48638
-2.50516 -2.48644
 -2.5052 -2.48642
-2.50518 -2.48645
-2.50523 -2.48654
-2.50514 -2.48653
-2.50509 -2.48643
-2.50521 -2.48667
 -2.5052 -2.48661
 -2.5051 -2.48663
-2.50517  -2.4867
-2.50519 -2.48665
-2.50521 -2.48684
-2.50518 -2.48682
 -2.5052 -2.48676
-2.50517 -2.48683
-2.50523 -2.48693
 -2.5051 -2.48683
 -2.5052 -2.48696
-2.50527 -2.48688
-2.50522 -2.48697
-2.50512 -2.48698
-2.50515 -2.48687
-2.50519 -2.48703
-2.50511 -2.48706
 -2.5052 -2.48716
-2.50514 -2.48712
-2.50515 -2.48713
-2.50521 -2.48714
-2.50517 -2.48713
-2.5052 -2.4872
-2.50519 -2.48718
-2.50518 -2.48723
-2.50521 -2.48721
 -2.5052 -2.48731
-2.50518 -2.48721
-2.50513 -2.48723
-2.50525 -2.48715
-2.50525 -2.48732
-2.50532 -2.48734
-2.50522 -2.48731
-2.50526  -2.4874
-2.50528  -2.4874
-2.50518 -2.48757
-2.50521 -2.48735
-2.50526 -2.48734
-2.50527 -2.48747
-2.50523 -2.48753
-2.50529 -2.48764
-2.50512 -2.48736
 -2.5052 -2.48756
<sx(0) sx(i)> =
       1        1
0.917176 0.914839
0.905285 0.900485
0.864644 0.860711
0.864959 0.863958
0.858747  0.86071
0.844503 0.842345
0.867571 0.864598
0.856631 0.856161
0.861569 0.864334
 0.85858 0.858212
0.841331 0.837017
0.850226 0.846252
0.867866 0.869665
0.868508 0.867489
0.851679 0.844878
0.854466 0.847587
0.867236 0.869129
0.865666 0.867122
0.838252 0.817261
0.842669 0.834176
0.832346 0.801286
0.863816 0.860704
0.866086  0.85379
0.842163 0.836302
0.843989 0.842573
0.845433 0.846982
0.862361 0.861245
0.857354 0.846368
0.843765 0.840375
0.848218 0.844291
0.847518 0.847954
0.855575 0.857404
0.852142 0.842141
0.842844 0.846091
0.842769 0.847881
0.846067 0.847337
0.851964 0.847801
0.848781 0.825975
0.840398 0.846386
0.841487 0.845176
 0.84726 0.839973
0.839326 0.838348
0.846841 0.805194
0.853941 0.843464
0.834342  0.83188
0.845313  0.82001
0.837423 0.807884
0.849454 0.769156
0.853467 0.848097
0.833446 0.788973
0.841897 0.797333
0.835974 0.767005
0.849346 0.743971
0.849504 0.849699
0.829943 0.729808
0.837865 0.796762
0.825633  0.75204
0.850484 0.747363
0.851652   0.8385
0.830877 0.701269
0.824361 0.779916
0.840601 0.812413
0.829064 0.740486
0.850825 0.823674
0.846604 0.785382
0.826743 0.813416
0.843795 0.827681
 0.83122 0.798012
 0.85133 0.820378
0.847909 0.824202
0.832707 0.831078
0.844252 0.839759
0.836185 0.827023
0.848831 0.820764
0.850555 0.844368
0.840302  0.83934
0.842494  0.84435
0.843002 0.837161
 0.85133 0.831574
 0.85141 0.850044
0.845275   0.8451
0.847834 0.847279
 0.84835 0.844572
0.845851 0.843298
0.853264 0.851557
0.852448 0.846621
0.845163 0.841572
0.847389 0.847727
0.842402 0.846405
 0.85562 0.856754
0.857847 0.857971
0.846565 0.846367
0.845802 0.840836
0.843652 0.839772
0.860573 0.853667
 0.86201 0.861195
0.848143  0.84678
0.846849 0.846945
0.842534 0.841482
0.869135 0.861687
0.866896 0.861158
0.834727 0.815446
0.848203 0.839236
0.841483 0.824532
 0.86872 0.864946
0.870376 0.869449
0.853309 0.852757
0.854189 0.847084
0.867657 0.867689
0.869748  0.86997
 0.84795 0.848275
0.840573 0.839482
0.860642 0.859182
0.860975 0.864357
0.859584 0.853941
0.866412 0.868377
0.846453 0.837931
0.861808 0.856792
0.866647 0.862068
0.863586 0.862475
 0.86946 0.868175
0.860719 0.862708
0.900084 0.901948
<sz(0) sz(i)> =
           1            1
   -0.206063    -0.201007
   -0.157153    -0.152925
  0.00903145   0.00401542
  0.00335989  -0.00531302
  -0.0126969   -0.0150765
 -0.00648751  -0.00749686
  -0.0164224   -0.0145542
-0.000769999  0.000848124
 -0.00730319   -0.0104312
 -0.00600159  -0.00786559
 -0.00613581  -0.00417669
 -0.00177955  -0.00603295
 -0.00592065  -0.00814185
  -0.0104386   -0.0161239
  0.00114796   0.00369579
 0.000279004   0.00604912
 -0.00584186  -0.00435345
 -0.00636541    -0.013869
 -0.00218589    0.0011312
 -0.00230515  -0.00230423
  0.00698276   0.00672818
  -0.0114273  0.000177303
 -0.00808052  -0.00414604
 -0.00698946   0.00187227
  -0.0012101   0.00359291
-0.000273172  -0.00261745
  0.00269243  -0.00648149
 -0.00789144  -0.00828043
 -0.00705916   0.00182478
  0.00461529   -0.0035606
   0.0038653  -0.00050592
 -0.00854886  -0.00535739
  0.00799567  -0.00440192
 2.48352e-05  0.000326727
 -0.00540011   0.00317355
 -0.00367223  -0.00238246
  0.00164672 -0.000279536
  -0.0107827  -0.00359226
  0.00233614 -0.000226761
-0.000283425  -0.00514626
   0.0028473   0.00355895
  0.00173709   -0.0056824
 0.000109926 -0.000656801
  0.00192896  -0.00431177
 -0.00435081  -0.00127419
 -0.00204567  -0.00322777
   0.0091132    0.0071368
  0.00457334  -0.00226865
  -0.0033323  -0.00244895
 -0.00119415  -0.00247772
 -0.00290057   0.00395526
 -0.00101513  -0.00543018
 -0.00633766   0.00172829
  0.00133489   0.00557917
   -0.000404    0.0107165
-0.000312544 -0.000976519
 -0.00241402  -0.00129692
 -0.00911908  -0.00353717
  0.00289363   0.00409855
  0.00323154  -0.00487217
 -0.00458401  0.000677762
 -0.00305071  -0.00140241
  0.00204916  0.000528964
    0.004451   0.00363494
-0.000222702   0.00737114
  0.00466213 -0.000794945
-0.000837114  -0.00178007
  -0.0064442   0.00663951
 -0.00218945   0.00254101
  0.00382504  -0.00487972
  0.00203353  -0.00648666
 -0.00772124  -0.00415376
 -0.00545122  0.000412155
-0.000623669  -0.00675914
 -0.00129216    0.0015656
  -0.0048019   0.00163784
  0.00380877 -0.000918142
  0.00103639   0.00540892
 -0.00621428 -0.000660724
 4.89044e-05  -0.00340828
  0.00218297  0.000551405
-0.000329071    0.0022822
 -0.00512049  -0.00542639
 -0.00105096   0.00468377
 -0.00835373   0.00706467
-0.000181399  -0.00684985
  0.00478873   0.00610971
  0.00517443  -0.00806505
  0.00522636 -0.000421674
  0.00328447  -0.00109697
 -0.00260239  -0.00259293
  0.00161503   0.00104122
  0.00202465  -0.00741528
 -0.00402017   0.00726236
 -0.00401232   0.00350451
 -0.00605199    0.0062473
  0.00205527 -6.30874e-05
 -0.00187182  -0.00324537
 -0.00141677  -0.00252855
 -0.00290965  -0.00502004
-0.000226277  -0.00450029
 -0.00457079   0.00648485
  0.00379919  -0.00090857
 -0.00623718  -0.00391907
 -0.00244272  -0.00224478
  0.00269033  -0.00499502
-7.51115e-05   0.00335636
  0.00373797  -0.00010516
 -0.00279852 -0.000990542
  0.00831324  -0.00807887
 -0.00344545  -0.00534361
  0.00410254  -0.00152442
  0.00402795   0.00980017
-0.000337417 -0.000756333
 -0.00305602  0.000556018
 -0.00482245  -0.00232598
 -0.00621637   0.00535699
 -0.00408109  -0.00400485
-0.000137758  -0.00228412
 -0.00179131  0.000814751
 -0.00546694  -0.00492368
 -0.00485698   0.00473979
 -0.00246439  -0.00206686

real    1144m5.805s
user    136476m20.919s
sys     13m11.035s
