time taskset -c 0-127 ./rbm-matfree-N64-M128-K2-opt -c 128 --model trappedion -h 1 -n 100 -m 200 --tol 1e-4 --reglam-init 4 --reglam-cutoff 0.2
Random seed is 507636506
-0.974981 -0.951128
-0.682177  0.234913
-1.43694 -1.40856
-1.50121  -1.4832
-1.53567 -1.51941
-1.55633 -1.54083
-1.57071  -1.5549
-1.58127 -1.56541
-1.58838  -1.5726
-1.59456 -1.57891
-1.59909  -1.5834
-1.60228 -1.58653
-1.60429 -1.58902
-1.60681 -1.59122
-1.60851 -1.59272
-1.60957 -1.59407
-1.61034 -1.59509
-1.61138  -1.5962
-1.61208 -1.59658
-1.61271 -1.59755
-1.61305 -1.59809
-1.61352 -1.59837
 -1.6138 -1.59863
-1.61392 -1.59907
-1.61432 -1.59968
-1.61436 -1.59982
-1.61439 -1.60028
 -1.6148 -1.60027
-1.61478 -1.60053
-1.61504 -1.60071
-1.61504 -1.60082
-1.61501 -1.60057
 -1.6153 -1.60091
-1.61527 -1.60123
 -1.6153 -1.60137
-1.61521 -1.60138
Converged after 36 steps.
<sx(0) sx(i)> =
       1        1
  0.8592  0.81182
0.713844 0.692452
 0.69546  0.67165
0.637276 0.607236
0.700035  0.68696
0.649761 0.633548
0.655966 0.646749
0.686292 0.663499
0.662022 0.639162
0.657183 0.616559
 0.67674 0.657775
0.684959 0.684097
0.654853 0.567742
0.676692 0.644941
0.586641 0.465221
0.650602 0.619668
0.642391 0.506964
0.691187 0.676063
0.628341 0.600958
0.635494 0.623775
0.665994 0.602213
0.697395 0.681999
0.646963 0.632418
0.647707 0.631165
0.671238 0.643669
0.679043 0.668799
0.658507 0.642324
0.676637 0.660551
0.655426 0.638788
0.654231 0.606652
 0.67725 0.664424
 0.67841 0.649414
0.653787 0.591487
0.656831  0.63431
0.673563 0.638694
0.661959 0.646031
 0.69008 0.679581
0.672174 0.647492
0.648621 0.614981
0.648399 0.613386
0.700866 0.687013
0.664513 0.649147
 0.63643 0.613801
0.623341 0.604559
0.686083 0.681441
0.647084 0.628534
 0.63525 0.632364
0.588302 0.580185
0.663686 0.657811
0.652165  0.63244
0.675766 0.664037
0.658912 0.655205
0.665341 0.628746
0.662302  0.61349
0.684012 0.664464
0.656354 0.647625
0.641984 0.580878
0.688303 0.674983
0.621907  0.53329
0.687992 0.676164
0.696312 0.648854
0.632062 0.601441
0.741875 0.731717
<sz(0) sz(i)> =
           1            1
   -0.462284    -0.469904
   0.0272323    0.0426896
    0.109554     0.127087
  -0.0684347   -0.0994559
  -0.0642822   -0.0722022
   0.0141421    0.0376548
  0.00669803    0.0167395
 -0.00763719   -0.0276753
  -0.0280584   -0.0535041
   0.0125415    0.0487867
 -0.00450121  -0.00620191
 -0.00504046   -0.0263658
   -0.014482   -0.0629399
  0.00174706    0.0291123
   0.0209849     0.085812
  -0.0193693   -0.0305526
  -0.0342584   -0.0928509
  -0.0091242   -0.0126727
   0.0168883    0.0274085
 -0.00335534   0.00944909
   0.0147944    0.0520806
 -0.00653444 -0.000653058
  -0.0161697    -0.031174
  0.00792553    0.0104338
 -0.00809651   -0.0297941
 -0.00106548    -0.020497
   0.0176795    0.0155236
 -0.00929654    0.0107028
 -0.00599968   0.00506218
  -0.0081283   -0.0391373
-0.000261391  -0.00192611
   0.0093773    0.0346852
   0.0158148    0.0523102
  -0.0116447   -0.0327303
  -0.0117835   -0.0418884
  0.00305627    0.0078031
 -0.00725094   -0.0136084
  0.00898629    0.0324981
  -0.0039613    0.0373988
  -0.0113285   -0.0407027
 -0.00989176   -0.0225301
  0.00105291  -0.00691229
    0.011927    0.0248699
  -0.0105316   -0.0131403
  -0.0122117  -0.00755392
  0.00907544    0.0245183
   0.0238148    0.0177477
 -0.00989362   -0.0253408
 -0.00908115    -0.015997
-0.000663613     0.036523
-0.000882244   -0.0216178
    0.004793   0.00356637
  0.00424981   -0.0401873
-0.000344555    0.0515946
 -0.00678815    0.0143663
 -0.00355326    0.0182408
   -0.015846   -0.0677477
  0.00729765   -0.0298758
  0.00936672    0.0781333
 -0.00370161   -0.0186421
 -0.00695399   -0.0617179
   0.0120803    0.0464354
 -0.00904465   -0.0261897

real    11m15.047s
user    1438m4.483s
sys     0m4.344s
