time taskset -c 0-127 ./rbm-matfree-N22-M88-K2-opt -c 128 --model trappedion -h 1 -n 100 -m 400 --tol 1e-5 --reglam-init 4 --reglam-decay 0.9 --reglam-cutoff 0.2
Random seed is 3249264646
 -0.92631 -0.851975
-1.18923 -1.12779
-1.40794 -1.35639
-1.46665 -1.41325
-1.49859 -1.44557
-1.51982 -1.46774
-1.53396 -1.48369
-1.54325 -1.49595
-1.54988 -1.50585
-1.55487 -1.51381
-1.55831 -1.52074
-1.56086 -1.52651
-1.56353 -1.53204
-1.56452 -1.53537
-1.56592 -1.53894
-1.56649 -1.54163
-1.56743 -1.54481
-1.56781 -1.54658
 -1.5684 -1.54846
-1.56853 -1.54974
-1.56864 -1.55113
-1.56904 -1.55233
-1.56932 -1.55344
-1.56952  -1.5543
-1.56953 -1.55543
-1.56986 -1.55593
-1.56961 -1.55625
-1.57015 -1.55714
-1.56969 -1.55762
-1.56994 -1.55787
 -1.5702 -1.55855
-1.56995 -1.55887
-1.57029 -1.55917
-1.57019  -1.5591
-1.57036 -1.55948
 -1.5705 -1.56001
-1.57032 -1.56018
-1.57013 -1.56006
-1.57013 -1.56018
-1.57063 -1.56033
-1.57033 -1.56057
-1.57039 -1.56071
-1.57035 -1.56075
 -1.5705 -1.56102
-1.57049 -1.56098
-1.57059 -1.56113
-1.57038 -1.56123
-1.57065 -1.56124
-1.57036 -1.56131
 -1.5704 -1.56138
-1.57078 -1.56153
-1.57043 -1.56136
-1.57052 -1.56122
-1.57047 -1.56164
-1.57067 -1.56151
-1.57074 -1.56155
-1.57059 -1.56153
 -1.5708 -1.56167
-1.57053 -1.56186
-1.57053 -1.56185
 -1.5708 -1.56195
-1.57071 -1.56177
-1.57073 -1.56165
-1.5706 -1.5618
-1.57056 -1.56167
-1.57065 -1.56193
-1.57091 -1.56174
-1.57076 -1.56187
 -1.5704 -1.56195
-1.57072 -1.56183
-1.57084   -1.562
-1.57059   -1.562
-1.57066 -1.56183
-1.57079 -1.56205
-1.57067 -1.56185
-1.57066 -1.56188
-1.57077 -1.56197
-1.57079 -1.56204
-1.57067 -1.56193
 -1.5707 -1.56189
 -1.5709 -1.56194
-1.57087 -1.56196
-1.57084 -1.56195
-1.57067 -1.56212
-1.57065 -1.56193
-1.57099 -1.56203
-1.57069 -1.56185
-1.57106 -1.56193
 -1.5708 -1.56197
-1.57063 -1.56207
 -1.5709 -1.56213
-1.57084 -1.56208
-1.57077 -1.56206
-1.57064 -1.56214
-1.57072 -1.56192
-1.57059 -1.56191
-1.57076 -1.56212
-1.57062 -1.56197
-1.57078 -1.56234
-1.57078 -1.56212
<sx(0) sx(i)> =
       1        1
0.856137 0.854432
0.614446 0.612335
0.644025 0.624531
0.666483 0.658965
 0.59234 0.538695
0.575057 0.530347
0.547617 0.460511
 0.49737 0.398316
0.517117  0.41185
0.454821 0.315997
0.460749 0.318281
0.518605 0.409751
0.490532 0.392415
0.542594  0.46459
0.568048 0.522361
 0.58687 0.540799
0.663809 0.655983
 0.63422 0.612535
0.625521 0.621808
0.581911 0.575138
0.682588 0.680776
<sz(0) sz(i)> =
         1          1
 -0.545131  -0.550143
   0.23929   0.238913
-0.0981213  -0.107738
-0.0658201 -0.0543752
 0.0431319  0.0508525
-0.0188345 -0.0343296
-0.0395218 -0.0535251
 0.0205229   0.045024
  0.023513  0.0506276
-0.0354682 -0.0595709
 0.0228621  0.0551458
-0.0266952 -0.0531485
-0.0276698 -0.0546349
 0.0231005  0.0489698
 0.0157105  0.0354614
-0.0215404 -0.0426393
-0.0172827 -0.0166626
0.00632295  0.0184427
-0.0054011 -0.0145989
0.00727895 0.00889292
-0.0123232 -0.0214659

real    29m43.898s
user    3800m20.950s
sys     0m3.574s
