time taskset -c 0-127 ./rbm-matfree-N112-M448-K2-opt -c 128 --model trappedion -h 2 -n 100 -m 400 --tol 1e-5 --reglam-init 40 --reglam-cutoff 0.2
Random seed is 2396324476
-1.92808 -1.91147
-1.99054  -1.9311
-2.29351 -2.25112
-2.37489 -2.34624
-2.41304 -2.38723
-2.43363 -2.40837
-2.44851 -2.42468
-2.45896 -2.43472
-2.46717  -2.4436
-2.47348 -2.44958
 -2.4781 -2.45438
 -2.4827 -2.45909
 -2.4856 -2.46223
-2.48834 -2.46477
-2.49037 -2.46709
-2.49196 -2.46896
-2.49346 -2.47056
-2.49444 -2.47156
-2.49525 -2.47247
-2.4958 -2.4731
-2.49635 -2.47371
-2.49669 -2.47413
-2.49693 -2.47455
-2.49702 -2.47472
-2.49736 -2.47503
-2.49738 -2.47522
-2.49742 -2.47528
-2.49759 -2.47544
-2.49763 -2.47552
-2.49768 -2.47566
-2.49762 -2.47563
-2.49779 -2.47576
-2.49766 -2.47565
-2.49773 -2.47567
-2.49765 -2.47565
-2.49773 -2.47576
-2.49784 -2.47582
-2.49768 -2.47572
 -2.4977 -2.47576
-2.49774 -2.47577
-2.49778  -2.4758
-2.49769 -2.47584
-2.49775  -2.4758
-2.49774 -2.47579
-2.49776 -2.47589
-2.49771 -2.47582
-2.49778 -2.47596
-2.49778 -2.47591
-2.49766 -2.47581
-2.49779 -2.47599
-2.49768 -2.47592
-2.49771 -2.47587
 -2.4977 -2.47601
 -2.4977 -2.47594
-2.49776 -2.47599
-2.49775 -2.47598
-2.49775 -2.47614
-2.49771 -2.47607
 -2.4977 -2.47602
-2.49762 -2.47606
-2.49773 -2.47621
-2.49777 -2.47623
-2.49781 -2.47614
-2.49773 -2.47617
-2.49779 -2.47607
-2.49778 -2.47621
-2.49776  -2.4762
 -2.4978 -2.47626
-2.49784 -2.47626
-2.49784 -2.47623
-2.49778 -2.47625
-2.49783 -2.47622
-2.49769 -2.47627
-2.49772 -2.47624
-2.49784 -2.47638
-2.49785  -2.4763
-2.49777  -2.4762
-2.49775 -2.47626
 -2.4978 -2.47629
 -2.4978 -2.47629
-2.49773 -2.47638
-2.49778 -2.47641
-2.49781 -2.47642
-2.49774 -2.47634
-2.49777 -2.47639
-2.49781 -2.47642
Converged after 86 steps.
<sx(0) sx(i)> =
       1        1
0.922131 0.925844
0.907246 0.903479
0.863105 0.864864
0.868275 0.868243
0.866023 0.866197
0.857618 0.852429
0.873637 0.871778
0.865077 0.865139
0.849888 0.848839
0.870887 0.859925
0.842012 0.842395
0.868066  0.86891
0.845834 0.819489
0.870796 0.865907
0.851131 0.818349
0.858234 0.831028
0.852531 0.851934
0.848403 0.806623
0.862717 0.855796
0.860785 0.818504
0.853558 0.845618
0.848334 0.827756
0.869326 0.865538
0.861534 0.810957
0.837304 0.828147
0.848543 0.846553
0.833777 0.836682
0.865736 0.863591
0.861191 0.813952
0.841992 0.820771
0.848676 0.830191
0.843626 0.839586
0.860812 0.851758
0.855977 0.858404
0.842695 0.844692
0.844536 0.793012
0.845355 0.821466
0.859721 0.858843
0.845206 0.812663
0.855596 0.836706
0.846202 0.832606
0.843918 0.847167
 0.84386 0.778986
0.857912 0.830781
0.854639   0.8117
0.841659 0.774719
0.845543 0.827781
 0.84288 0.842666
0.857158 0.850954
0.859501 0.841277
0.838112 0.794457
0.842918 0.784117
0.835029 0.780468
0.856789 0.850729
0.859801  0.85413
0.833225 0.826907
0.841735 0.836658
0.832013 0.810017
0.836617  0.77991
0.855388 0.837922
0.854392 0.826389
0.832479 0.822563
 0.84653  0.82971
0.843542 0.818295
0.859366 0.861503
0.855243 0.814667
0.833687 0.794923
 0.84574 0.790705
0.843732 0.847735
0.863551 0.845659
0.840223 0.838022
0.854452 0.838233
0.844028 0.815533
0.847369 0.831531
0.862668 0.808297
  0.8426 0.813731
0.857541 0.854229
0.844197 0.831781
0.846291 0.847908
0.840641 0.836358
0.865818 0.841342
0.858549 0.857135
0.834308 0.759402
 0.84601 0.833246
0.838058 0.784589
0.856964  0.83865
0.860738  0.86134
0.845748 0.845265
0.849082 0.836701
0.855905 0.843726
0.855473 0.853881
0.847752 0.839318
0.851261  0.84432
0.861331 0.853866
0.864895 0.860542
0.852943 0.841355
0.847333 0.842774
0.862379 0.858391
0.862127 0.858582
0.855692 0.855892
0.842712 0.843856
0.863427 0.857536
0.851516 0.849238
0.874315  0.87222
 0.87783 0.873581
0.850642 0.844403
0.867926 0.864429
0.869047  0.86389
0.865372 0.867147
0.862538 0.863103
0.903046 0.906308
<sz(0) sz(i)> =
           1            1
   -0.207976    -0.218977
     -0.1471    -0.136337
  0.00861585    0.0123607
-0.000739528  -0.00140891
  -0.0211748   -0.0229659
  -0.0131833  -0.00439479
  -0.0166421   -0.0148032
 -0.00699077  -0.00707173
 -0.00231541   -0.0038174
  -0.0125933   -0.0129535
 0.000191578   0.00215217
 -0.00690524    -0.014501
 -0.00094588   0.00168807
 -0.00770524   -0.0102635
 0.000749438  -0.00481194
  0.00396604    0.0131433
  -0.0028737  -0.00626693
  -0.0075301   0.00143635
 -0.00894095  -0.00695748
  -0.0128164   -0.0101523
  -0.0010903  -0.00430032
   0.0137697 -0.000918121
 -0.00195145   -0.0097673
 -0.00153128   0.00387503
    -0.01585  -0.00961875
  0.00997215  0.000574725
  0.00743669   0.00822737
 -0.00290116  -0.00877853
  0.00177086  -0.00341149
  -0.0051825  -0.00442687
 -0.00695758   0.00359821
-0.000269207   0.00409733
 -0.00197415   0.00146634
  0.00489546  -0.00212202
  0.00210869  -0.00648369
 -0.00625983   0.00239264
 -0.00136512  -0.00195519
 -0.00593271  -0.00766104
  0.00314447  -0.00224603
 -0.00780122   0.00248872
  0.00363245   0.00949255
 -0.00332297  -0.00359109
 -0.00200106  -0.00948331
 -0.00533706 -0.000483256
  0.00230269  -0.00695113
-0.000938283   0.00543047
 -0.00499572  -0.00226991
 -0.00177611  0.000487051
  0.00431168  -0.00149918
  0.00361047 -0.000876095
  0.00728934  -0.00740653
 -0.00260484 -0.000988906
  0.00274031   0.00405656
 -0.00177153 -0.000142531
 -0.00798527  -0.00713192
 -0.00868861 -0.000295761
 -0.00212171  0.000988895
 0.000978354  -0.00160335
  0.00797086   0.00370883
  0.00382365  -0.00456584
 -0.00309921  -0.00654923
 -0.00932943  -0.00555338
-0.000871558  -0.00225344
  0.00203007  0.000782434
  -0.0082983  -0.00256107
  0.00957589   0.00726005
 -0.00230603   0.00695447
  0.00316304  -0.00355366
 0.000705028   0.00402153
 -0.00791843   0.00030124
 -0.00293209   0.00215084
 -0.00982529  0.000450288
  0.00409543  0.000592067
   0.0018184   0.00154097
 -0.00340724  -0.00710058
 -0.00203831   0.00149144
  0.00178401  -0.00451839
 -0.00408873  -0.00204408
  0.00862724  -0.00186943
   0.0036671    0.0003954
 -0.00987318  -0.00383775
  0.00454651    0.0116644
  0.00185164  2.33561e-05
 -0.00790818  0.000212866
   0.0010545   0.00566425
  0.00311781  -0.00303968
 -0.00600606  -0.00520488
 0.000892848   0.00188059
 -0.00136174  -0.00457576
 -0.00567199  -0.00518738
  0.00750897   0.00190509
 -0.00180865   0.00626177
 -0.00751521   -0.0064301
  0.00201957  -0.00576957
  0.00494119   0.00224631
  0.00254618   0.00186788
  0.00354763  -0.00468044
 -0.00499086  0.000693989
 -0.00154667    0.0050623
 0.000257004 -0.000569504
 -0.00035223 -0.000233707
 -0.00379074  0.000665735
  0.00359852  7.33535e-05
  0.00178602  0.000909297
 -0.00185926  -0.00650011
  0.00181943   0.00228213
-0.000242672  8.64218e-05
-0.000165262   0.00676682
 -0.00402287  -0.00218807
 -0.00476577   0.00113296
  0.00183973  -0.00758192

real    650m52.883s
user    79150m42.490s
sys     4m16.628s
