taskset -c 0-127 ./rbm-matfree-N40-M160-K2-opt  -c 128 --model trappedion -h 1 -n 100 -m 400  --tol 1e-5 --reglam-init 4 --reglam-cutoff 0.2 --seed=3019437331
Random seed is 3019437331
-0.824795 -0.784442
-1.07923  10.0939
 -1.4575 -1.34029
-1.51432 -1.47628
-1.54456 -1.51442
-1.56183 -1.53378
-1.57368 -1.54618
-1.58099 -1.55418
-1.58588 -1.55929
-1.58935 -1.56389
  -1.592 -1.56636
-1.59389 -1.56849
-1.59503 -1.57005
-1.59597 -1.57136
-1.59699 -1.57266
-1.59735  -1.5732
-1.59772 -1.57414
-1.59791 -1.57463
-1.59807 -1.57516
 -1.5984 -1.57593
-1.59857 -1.57615
-1.59886 -1.57676
-1.59903 -1.57712
-1.59894 -1.57729
-1.59922 -1.57782
-1.59925 -1.57791
-1.59916   -1.578
-1.59945 -1.57852
-1.59944 -1.57874
-1.59942 -1.57886
-1.59941 -1.57924
-1.59951 -1.57939
-1.59952 -1.57933
-1.59961 -1.57973
-1.59974 -1.58001
-1.59964 -1.57995
-1.59964 -1.58002
-1.59981 -1.58048
-1.59974 -1.58043
 -1.5998 -1.58048
 -1.5997 -1.58044
-1.59974 -1.58065
-1.59998 -1.58075
-1.59986 -1.58079
 -1.5998 -1.58092
-1.59979 -1.58098
-1.59979 -1.58101
-1.59982 -1.58133
-1.59997 -1.58151
-1.59994 -1.58133
-1.59997 -1.58156
-1.59995 -1.58157
-1.59993 -1.58166
 -1.5997 -1.58176
-1.59976  -1.5815
-1.59985  -1.5818
    -1.6 -1.58195
-1.59995 -1.58189
-1.59993 -1.58206
 -1.6001 -1.58225
-1.60018 -1.58225
-1.60004 -1.58204
 -1.5999 -1.58185
-1.60022 -1.58233
-1.59992 -1.58225
-1.59989 -1.58217
-1.60002 -1.58238
-1.59975 -1.58229
 -1.5999 -1.58246
-1.59988 -1.58227
-1.60015 -1.58262
-1.60001 -1.58251
-1.60019 -1.58254
 -1.5999 -1.58266
-1.59996 -1.58276
-1.59999 -1.58277
-1.59993  -1.5826
-1.60029 -1.58286
-1.59995  -1.5828
-1.60004 -1.58272
-1.60013 -1.58303
-1.60003 -1.58299
-1.59992 -1.58298
-1.59996 -1.58299
-1.60005 -1.58293
-1.60009 -1.58306
-1.60006 -1.58315
-1.60003 -1.58293
-1.60014 -1.58329
 -1.6001 -1.58326
-1.60017  -1.5833
-1.60011 -1.58318
-1.59991 -1.58296
-1.60014 -1.58332
-1.60026 -1.58345
-1.60013 -1.58326
-1.59995 -1.58324
-1.60018 -1.58338
-1.60016 -1.58331
-1.60011 -1.58338
<sx(0) sx(i)> =
       1        1
0.882379 0.868361
0.632713 0.618307
 0.65744 0.648334
0.642895 0.607571
0.627055 0.615849
0.580166 0.518829
0.650708 0.637032
0.617888 0.550652
0.610747  0.57417
0.671734 0.663156
0.650988 0.616899
0.636987 0.614248
0.650025  0.61692
0.648767 0.617745
0.638796 0.629517
0.641947 0.621339
0.640765 0.615035
0.636166 0.611284
 0.63639 0.634214
0.641849 0.615347
0.635267 0.611221
0.640663 0.621393
0.643673 0.608853
0.636359 0.603331
0.643183 0.599532
0.650839 0.618364
0.635621 0.583567
0.639709 0.519519
 0.67267 0.663444
0.610302 0.572778
0.615487 0.453156
0.650421 0.623066
0.580175 0.406254
0.626006 0.600603
0.637436 0.539332
0.657553  0.63554
0.644459 0.602777
0.606983 0.559953
0.694601 0.673329
<sz(0) sz(i)> =
           1            1
    -0.53119    -0.536271
     0.13153     0.144603
   0.0371974    0.0411229
   -0.114007    -0.139079
  -0.0308289   -0.0328821
   0.0713734     0.105384
  -0.0223144   -0.0334278
  -0.0560785   -0.0934918
   0.0143534    0.0400216
  -0.0131364   -0.0245198
    0.011355    0.0345825
 -0.00436068    -0.030444
  0.00193423    0.0273236
 -0.00947908  -0.00680999
 -0.00100453  -0.00126109
 -0.00842054   -0.0236107
-0.000203997  -0.00085069
  0.00241299     0.014423
 0.000139059   0.00154063
 -0.00537556   -0.0167729
 -0.00167866    -0.020626
-0.000457921    0.0050673
 0.000685254    0.0193147
 -0.00165052  -0.00561511
 -0.00192497 -0.000418779
 -0.00305756   -0.0274893
  -0.0104173    0.0187767
 -0.00111034   -0.0188506
  0.00108915    0.0142624
  0.00303412   -0.0429951
 -0.00168354    0.0484804
 -0.00880946    0.0205673
  0.00506481   -0.0452992
  0.00407839   -0.0125159
 -0.00494312    0.0395525
 -0.00340417  -0.00022864
 -0.00424913   -0.0345399
  0.00036171    0.0202633
 -0.00756939   -0.0270009
