taskset -c 0-127 ./rbm-matfree-N32-M128-K2-opt  -c 128 --model trappedion -h 1 -n 100 -m 200  --tol 1e-4 --reglam-init 1 --reglam-cutoff 0.2
Random seed is 668734726
-0.930417 -0.830622
1.07284 9.21187
-1.35702 -1.19717
-1.43701  2.36882
-1.51721 -1.47189
-1.54692 -1.50031
-1.55734 -1.51727
-1.56409 -1.52669
 -1.5682 -1.53129
-1.57135 -1.53571
-1.57294 -1.53832
-1.57402 -1.54051
-1.57501  -1.5423
-1.57566 -1.54351
-1.57641 -1.54512
-1.57708 -1.54606
-1.57721 -1.54693
-1.57715 -1.54755
-1.57773 -1.54813
-1.57769 -1.54909
-1.57775 -1.54918
-1.57779 -1.54996
-1.57831 -1.55023
-1.57831 -1.55066
-1.57866 -1.55165
-1.57831 -1.55148
-1.57818  -1.5518
-1.57825 -1.55218
-1.57847 -1.55249
-1.57845 -1.55268
-1.57857 -1.55302
-1.57834 -1.55324
-1.57846 -1.55323
-1.57867   -1.554
-1.57883 -1.55409
-1.57861 -1.55404
-1.57876 -1.55426
-1.57863 -1.55471
-1.57885 -1.55511
-1.57874 -1.55488
-1.57877 -1.55508
Converged after 41 steps.
<sx(0) sx(i)> =
       1        1
0.887876  0.85598
0.621084  0.61519
0.668354 0.665137
0.630783  0.60368
0.602179 0.594204
0.624049 0.573795
0.608853 0.596212
0.569001 0.509894
0.642977 0.603608
0.618651 0.563961
0.599521 0.529898
0.677553 0.646458
 0.64983 0.644976
0.617306 0.536095
0.661516 0.620001
0.659858 0.602465
0.616129 0.566156
0.645728 0.570641
0.676064  0.67073
0.601173 0.599759
0.618325 0.514403
0.638074 0.605818
0.565717 0.429013
0.603594 0.556449
 0.61503 0.506648
0.606059  0.54845
  0.6176 0.528286
 0.66768 0.634567
0.622128 0.546339
0.597944 0.536129
0.685487 0.650881
<sz(0) sz(i)> =
          1           1
  -0.542647   -0.547743
   0.165683    0.169083
 -0.0283605  -0.0246083
  -0.107814  -0.0917176
  0.0223011  0.00605832
   0.031899   0.0278666
 -0.0293526   -0.016663
 -0.0250308  -0.0282505
  0.0141096  0.00729664
  0.0143729   0.0281271
 -0.0183337  -0.0190882
 0.00370848 -0.00464598
 -0.0265319  -0.0404994
 0.00830035   0.0434965
  0.0116316   0.0146184
 -0.0110985  -0.0433546
 -0.0124586  -0.0393383
 0.00402965   0.0724547
-0.00591323  0.00317885
 0.00984939  0.00757249
 -0.0183117  -0.0987195
 0.00178344  -0.0108459
  0.0171404    0.109656
-0.00165938  -0.0266219
 -0.0251648  -0.0904602
-0.00629201  0.00597951
  0.0101319   0.0638525
  0.0019524  -0.0022649
 -0.0200488  -0.0581544
  0.0120145   0.0594699
 -0.0123596  -0.0513904
