taskset -c 0-127 ./rbm-matfree-N32-M128-K2-opt  -c 128 --model trappedion -h 1 -n 100 -m 400  --tol 1e-5 --reglam-init 4 --reglam-cutoff 0.2
Random seed is 502105841
-0.890201 -0.835763
-1.26193 -1.22246
-1.45286 -1.42253
-1.50191 -1.46968
-1.52801 -1.49544
-1.54447 -1.51086
-1.55402 -1.52054
 -1.5607 -1.52754
-1.56491 -1.53169
-1.56825 -1.53536
-1.57053 -1.53773
-1.57226 -1.53969
-1.57341 -1.54121
-1.57437 -1.54237
-1.57503 -1.54337
-1.57592 -1.54427
-1.57612 -1.54489
-1.57638 -1.54546
-1.57695 -1.54634
-1.57694 -1.54663
-1.57706 -1.54709
-1.57718 -1.54747
-1.57771 -1.54787
-1.57785 -1.54846
-1.57771 -1.54856
-1.57779 -1.54886
-1.57805 -1.54941
-1.57822  -1.5493
-1.57827 -1.54977
-1.57833 -1.55009
-1.57819 -1.55011
-1.57822 -1.55012
-1.57833  -1.5506
-1.57835 -1.55057
-1.57835 -1.55089
-1.57825 -1.55097
-1.57847 -1.55132
-1.57851  -1.5516
-1.57869 -1.55163
-1.57832 -1.55166
-1.57863 -1.55178
-1.57861 -1.55196
-1.57851 -1.55232
-1.57876 -1.55228
-1.57856 -1.55239
-1.57856 -1.55248
-1.57868 -1.55261
-1.57879 -1.55305
-1.57865 -1.55295
-1.57864 -1.55322
-1.57865 -1.55331
-1.57844 -1.55338
-1.57875 -1.55366
-1.57858 -1.55356
-1.57855 -1.55356
-1.57875 -1.55398
-1.57897 -1.55414
 -1.5787 -1.55409
-1.57877 -1.55431
-1.57891  -1.5543
-1.57874 -1.55451
-1.57882 -1.55459
 -1.5788 -1.55468
-1.57897  -1.5546
-1.57874 -1.55462
-1.57876 -1.55484
-1.57872 -1.55496
-1.57876  -1.5551
 -1.5791 -1.55532
-1.57884 -1.55531
-1.57876 -1.55519
-1.57902 -1.55563
-1.57877 -1.55539
-1.57884 -1.55573
-1.57901 -1.55599
-1.57904 -1.55594
-1.57885 -1.55582
-1.57886 -1.55577
-1.57881 -1.55597
-1.57886  -1.5561
-1.57892 -1.55608
-1.57888 -1.55631
-1.57864 -1.55615
  -1.579 -1.55654
-1.57911 -1.55654
-1.57874 -1.55633
-1.57882 -1.55666
-1.57894 -1.55655
-1.57892 -1.55671
-1.57883  -1.5567
-1.57893 -1.55687
-1.57897 -1.55676
-1.57883 -1.55689
-1.57902 -1.55704
-1.57892 -1.55711
-1.57891 -1.55708
-1.57908 -1.55724
-1.57885 -1.55712
-1.57899  -1.5572
-1.57888 -1.55728
<sx(0) sx(i)> =
       1        1
0.887167 0.882659
0.623238 0.613429
0.679828 0.657873
0.633206 0.614585
 0.61091 0.566156
0.619955 0.585843
 0.61294  0.56507
0.567302 0.525186
0.643915 0.611675
0.614588 0.585987
0.596539 0.558863
0.676288 0.661807
0.652786 0.636107
0.620583 0.610893
0.665139 0.629388
0.665713 0.657672
0.618975 0.607268
0.654412 0.663499
0.675588 0.657345
0.600438  0.42017
0.614611 0.446972
 0.63617 0.482593
0.565163 0.413323
0.608246 0.576871
0.617511 0.503871
 0.60423  0.58318
0.630563 0.562815
0.666121  0.66276
0.630942 0.622841
0.606974 0.585033
0.688033 0.661288
<sz(0) sz(i)> =
          1           1
  -0.537785   -0.540535
   0.160437    0.167493
 -0.0273747  -0.0384847
 -0.0951316  -0.0874856
  0.0199604   0.0322661
   0.026919   0.0151903
 -0.0282569  -0.0349853
 -0.0196422 -0.00590469
 0.00218635   0.0134777
-0.00147508  -0.0126265
-0.00261589 -0.00855599
-0.00295422  -0.0127489
 -0.0105427  0.00241771
 0.00145658  0.00858248
0.000167901  -0.0273945
-0.00642352 -0.00713117
-0.00460627   0.0111688
-0.00626391  -0.0133064
-0.00731124   0.0175456
 0.00409092  -0.0545597
 0.00438324   0.0559293
-0.00459698   0.0455735
-0.00617699  -0.0545652
 0.00192046  -0.0296548
0.000364687   0.0481119
 -0.0045424   0.0208705
 0.00151019  -0.0400258
0.000747898  -0.0142245
-0.00412042   0.0093548
-0.00150982   0.0107676
-0.00224649  -0.0184566
