time taskset -c 0-127 ./rbm-matfree-N104-M416-K2-opt -c 128 --model trappedion -h 3 -n 100 -m 400 --tol 1e-5 --reglam-init 40 --reglam-cutoff 0.2
Random seed is 1172092853
-2.92292 -2.88663
-3.02038 -2.90631
-3.21013 -3.15106
 -3.3205 -3.25299
-3.35457 -3.30529
-3.37287 -3.32327
-3.38356 -3.33636
  -3.392 -3.34441
-3.39709 -3.35095
-3.40139 -3.35495
-3.40502 -3.35846
-3.40739 -3.36125
-3.40903 -3.36301
-3.41044 -3.36521
 -3.4117 -3.36656
-3.41278 -3.36788
-3.41323 -3.36863
-3.41414  -3.3692
-3.41443 -3.37012
-3.41478 -3.37059
-3.41498 -3.37107
-3.41537 -3.37135
-3.41554 -3.37176
-3.41568 -3.37235
-3.41589 -3.37272
-3.41607 -3.37296
-3.41617 -3.37318
-3.41633 -3.37363
-3.41652 -3.37399
-3.41653 -3.37421
-3.41665 -3.37413
-3.41665  -3.3735
-3.41668 -3.37289
-3.41664 -3.37116
-3.41643 -3.36816
-3.41607 -3.36465
-3.41512 -3.35634
-3.41327 -3.34595
-3.40715 -3.31843
-3.39637 -3.28846
-3.34896 -3.15308
3.42801e-164      21.3168
1.58776e-165      21.3178
1.4331e-165     21.3157
8.05896e-167      21.3163
2.41889e-166      21.3157
2.6352e-166     21.3185
7.15924e-166      21.3144
1.51913e-165       21.314
5.80206e-165      21.3156
3.94641e-166      21.3178
2.99024e-166      21.3168
1.54549e-163      21.3161
2.55666e-167      21.3162
5.75042e-167      21.3152
1.10667e-165      21.3163
1.03222e-166      21.3149
1.76601e-165      21.3157
8.3209e-167     21.3189
1.11181e-165      21.3207
7.59059e-167      21.3158
3.12912e-165      21.3139
3.49015e-165      21.3181
4.70295e-166      21.3164
6.30125e-167      21.3165
3.94778e-167      21.3178
5.85708e-167      21.3137
1.28107e-166      21.3166
7.04183e-167      21.3171
1.26526e-166      21.3178
1.59598e-164      21.3163
7.07036e-167      21.3163
8.12431e-167      21.3166
7.59556e-167      21.3148
5.11871e-166       21.318
7.69049e-165       21.316
7.72582e-167      21.3149
8.21145e-167      21.3154
1.31167e-163       21.319
2.94716e-166      21.3152
3.51378e-164      21.3162
4.16268e-166      21.3177
3.72672e-167      21.3183
1.09494e-166      21.3171
6.42758e-166      21.3169
2.39808e-166      21.3185
8.15098e-165      21.3161
9.2789e-167     21.3167
1.36776e-165      21.3156
4.71686e-166      21.3146
2.59991e-167      21.3157
4.71495e-166      21.3157
6.6773e-167     21.3173
4.61321e-167      21.3148
1.66706e-166      21.3188
5.8847e-166     21.3158
9.23105e-167      21.3159
3.56404e-165      21.3163
1.71397e-166      21.3151
4.19803e-167      21.3162
<sx(0) sx(i)> =
  1.7239e-167             1
 1.20711e-167   -0.00412843
 1.48655e-167    0.00340805
 1.47339e-167     0.0276347
 2.01701e-167     0.0889239
 1.50674e-167     0.0379064
 9.57908e-168    -0.0489149
 8.72271e-168    -0.0045102
 1.52718e-167   0.000355334
 2.20638e-167     0.0163653
 1.79337e-167      0.004489
 1.62836e-167     0.0173818
  1.1783e-167     0.0143513
 7.68916e-168     0.0151867
 2.07582e-167     0.0488207
 2.04559e-167  -8.53209e-06
 5.04874e-168   0.000128331
 9.55071e-168   -0.00195771
 1.48543e-167   0.000131567
 1.39921e-167  -0.000405064
 5.13545e-168  -5.26473e-05
  1.2749e-167     0.0600479
 6.58089e-168    -0.0135442
 7.06083e-168   0.000107142
 1.51073e-167      0.031382
 2.44109e-167   -0.00116421
 1.70859e-167   2.66387e-05
 5.37126e-168    0.00220544
 4.28497e-168   4.15517e-05
 1.00209e-167   -0.00454797
 9.36812e-168   8.27346e-05
 1.95438e-167  -0.000496527
  7.1507e-168   0.000432705
 1.29824e-167   0.000108941
 8.40998e-168    6.3735e-06
 5.46638e-168      0.001427
 9.81217e-168  -4.82133e-05
 1.15976e-167   -0.00100364
 2.46178e-167   8.51027e-05
 1.24752e-167   0.000355588
 1.73858e-167   0.000218436
 6.16289e-168   0.000144104
 7.01736e-168   0.000194768
 7.24493e-168   4.37315e-05
 1.16889e-167   5.47324e-05
 9.51838e-168   0.000881993
 9.03798e-168  -0.000112447
 5.13296e-168    0.00020492
 7.60667e-168   0.000324602
 1.65128e-167   0.000206299
 2.30371e-168   6.02865e-06
 8.97743e-169   0.000103443
 5.08937e-168   5.52053e-05
 9.92952e-168   0.000530539
-1.58488e-168   2.81159e-06
 8.81449e-168   0.000264338
 6.29216e-168   0.000145658
 4.22918e-168    0.00010691
-4.32497e-169   3.67032e-05
 4.93539e-168    0.00084826
 1.35827e-167   0.000164141
  8.6746e-168   3.53988e-05
 4.36999e-168   3.56968e-05
 9.08873e-168  -1.48561e-06
 8.96051e-168   8.73847e-05
 7.42997e-168   0.000319156
 8.14792e-168   0.000205167
 5.88576e-168   -0.00023222
 1.88874e-167   8.55987e-05
 8.06834e-168    1.2517e-05
 7.34855e-168    0.00971021
 1.73866e-167  -0.000417067
 8.47971e-168   4.69531e-05
 1.30942e-167   6.64308e-05
  5.9217e-168   0.000519001
 8.41159e-168   -0.00091863
 2.22719e-168   3.03382e-05
 7.85313e-168   0.000236383
 5.56175e-168   0.000478613
 2.59508e-167   0.000468097
 1.15794e-167   0.000132292
 1.39698e-167   0.000393194
 1.24436e-167    0.00804571
   4.465e-168   4.13297e-05
 8.20414e-168   0.000291148
 1.44755e-167     0.0753081
 2.91463e-167   0.000117465
 1.03977e-167   0.000139867
 1.63063e-167   -0.00202556
 1.60418e-167     0.0064654
 1.87132e-167   0.000782263
 4.28065e-167   0.000589729
 1.56862e-167    0.00187187
 1.67554e-167   0.000888655
 1.17431e-167    0.00608695
 1.00241e-167     0.0030098
 1.03191e-167   -0.00177141
  1.7512e-167    0.00439157
 1.84662e-167    -0.0200414
 2.02764e-167    0.00736465
 1.05552e-167    0.00251172
 5.66481e-168   -0.00174781
 8.87273e-168    0.00364128
 2.29096e-167     0.0454541
<sz(0) sz(i)> =
  1.7239e-167             1
-1.56095e-167     -0.717422
-1.51384e-167     -0.726562
-1.50533e-167     -0.725938
-1.59305e-167     -0.707344
-1.56442e-167     -0.717422
 -1.6249e-167      -0.72082
-1.51886e-167     -0.726758
-1.50597e-167     -0.725859
-1.50063e-167     -0.726094
 1.28839e-168     -0.726602
-1.51869e-167     -0.726055
-1.51903e-167     -0.726445
-1.51899e-167     -0.726016
-1.51116e-167       -0.7225
-1.51903e-167     -0.726836
-1.51903e-167     -0.726836
-1.51686e-167     -0.726797
-1.51903e-167     -0.726836
-1.51903e-167     -0.726836
-1.51903e-167     -0.726836
-1.50965e-167     -0.712695
-1.51897e-167     -0.726172
-1.51903e-167     -0.726836
-1.53649e-167     -0.720664
-1.51903e-167     -0.726797
-1.51903e-167     -0.726836
-1.51897e-167     -0.726797
-1.51903e-167     -0.726836
-1.51903e-167     -0.726758
-1.51903e-167     -0.726836
-1.51903e-167     -0.726836
-1.51903e-167     -0.726836
-1.51903e-167     -0.726836
-1.51903e-167     -0.726836
-1.51903e-167     -0.726836
-1.51903e-167     -0.726836
-1.51903e-167     -0.726836
-1.51903e-167     -0.726836
-1.51903e-167     -0.726836
-1.51903e-167     -0.726836
-1.51903e-167     -0.726836
-1.51903e-167     -0.726836
-1.51903e-167     -0.726836
-1.51903e-167     -0.726836
-1.51903e-167     -0.726836
-1.51903e-167     -0.726836
-1.51903e-167     -0.726836
-1.51903e-167     -0.726836
-1.51903e-167     -0.726836
-1.51903e-167     -0.726836
-1.51903e-167     -0.726836
-1.51903e-167     -0.726836
-1.51903e-167     -0.726836
-1.51903e-167     -0.726836
-1.51903e-167     -0.726836
-1.51903e-167     -0.726836
-1.51903e-167     -0.726836
-1.51903e-167     -0.726836
-1.51903e-167     -0.726836
-1.51903e-167     -0.726836
-1.51903e-167     -0.726836
-1.51903e-167     -0.726836
-1.51903e-167     -0.726836
-1.51903e-167     -0.726836
-1.51903e-167     -0.726836
-1.51903e-167     -0.726836
-1.51903e-167     -0.726836
-1.51903e-167     -0.726836
-1.51903e-167     -0.726836
-1.51903e-167     -0.726797
-1.51903e-167     -0.726836
-1.51903e-167     -0.726836
-1.51903e-167     -0.726836
-1.51903e-167     -0.726836
-1.51903e-167     -0.726836
-1.51903e-167     -0.726836
-1.51903e-167     -0.726836
-1.51903e-167     -0.726836
-1.51903e-167     -0.726797
-1.51903e-167     -0.726836
-1.51903e-167     -0.726836
-1.51889e-167     -0.726562
-1.51903e-167     -0.726836
-1.51903e-167     -0.726836
-9.16797e-168     -0.717148
-1.51903e-167     -0.726836
-1.51903e-167     -0.726836
-1.52777e-167      -0.72625
-1.51959e-167     -0.726875
-1.51885e-167     -0.726641
-1.51903e-167     -0.726836
-1.51903e-167     -0.726836
-1.51903e-167     -0.726836
 1.15853e-168     -0.725859
-1.51896e-167     -0.726719
-1.51903e-167     -0.726797
-1.30769e-167     -0.726328
-1.29461e-167     -0.723828
-2.83398e-168     -0.717734
-1.51903e-167     -0.726836
-2.81856e-168     -0.669609
-1.51898e-167     -0.726719
-9.30962e-168     -0.719141

real    150m36.725s
user    18905m32.220s
sys     2m15.520s
