 time taskset -c 0-127 ~/rbm-code/c/run.sh ./rbm-matfree-N100-M300-K3-opt -c 128 --model trappedion -h 8 -n 50 -m 200 --tol 1e-6 --reglam-init 80 --reglam-cutoff 1 --minres-rtol 1e-9 --correlation-data ioncorrN100M300K3h8train1.mat --lrate-init 0.05 --dump-rbm ionh8train1 --lrate-decay 0.8
Random seed is 4093290979
-7.75505 -7.64303 -7.61223
-7.97361 -7.81603 -7.80552
-7.99281 -7.84578 -7.82703
-7.99993 -7.86495 -7.83391
-8.00422 -7.88564 -7.83814
-8.00797 -7.90411 -7.84168
 -8.0122  -7.9208 -7.84496
-8.01556 -7.93777 -7.84711
-8.02053 -7.95112 -7.85068
-8.02356 -7.96328 -7.85291
-8.02926 -7.97553 -7.85717
 -8.0341  -7.9898 -7.86226
-8.03984 -8.00351 -7.86798
-8.04603 -8.01469 -7.87432
-8.05293 -8.02654 -7.88149
-8.05882 -8.03702 -7.88825
-8.06546 -8.04732 -7.89754
-8.07177 -8.05499 -7.90655
 -8.0769 -8.06295 -7.91514
-8.08159 -8.06948 -7.92609
-8.08644 -8.07618  -7.9351
-8.09033 -8.08079 -7.94587
-8.09374 -8.08583 -7.95544
-8.09635 -8.09021 -7.96382
-8.09844 -8.09325 -7.97239
-8.10033 -8.09576 -7.98012
-8.10191 -8.09774 -7.98639
-8.10299 -8.09928 -7.99257
-8.10409 -8.10052 -7.99727
-8.10478 -8.10118 -8.00165
-8.10536 -8.10222  -8.0048
-8.10557 -8.10256 -8.00758
-8.10599   -8.103  -8.0106
-8.10613 -8.10332 -8.01198
-8.10626 -8.10331 -8.01352
-8.10637 -8.10347 -8.01513
-8.10638 -8.10343 -8.01609
-8.10667 -8.10373  -8.0172
-8.10659 -8.10382 -8.01778
-8.10664 -8.10381 -8.01863
 -8.1067 -8.10385 -8.01906
-8.10677  -8.1039 -8.01986
-8.10668 -8.10383 -8.02036
-8.10677  -8.1038 -8.02072
-8.10682 -8.10387 -8.02083
-8.10689 -8.10395 -8.02119
 -8.1068 -8.10392  -8.0215
-8.10672 -8.10389 -8.02141
-8.10684 -8.10397 -8.02192
-8.10675 -8.10397 -8.02175
Program exited with code 0
========
Success!
========

real    282m29.037s
user    35307m2.650s
sys     3m43.336s
