time taskset -c 0-127 ./rbm-matfree-N124-M496-K2-opt -c 128 --model trappedion -h 1 -n 100 -m 400 --tol 1e-5 --reglam-init 40 --reglam-decay 0.9 --reglam-cutoff 0.2
Random seed is 46318069
-0.977624 -0.963378
-1.13092 -1.03791
-1.37177 -1.34465
-1.44655   -1.436
-1.49026 -1.48422
-1.5225 -1.5164
-1.54522 -1.54055
-1.56412 -1.55919
-1.57872 -1.57375
-1.59091  -1.5867
-1.60155 -1.59655
-1.61023 -1.60539
-1.61796 -1.61287
-1.62434 -1.61953
-1.62982 -1.62465
-1.63476 -1.62934
-1.63858 -1.63348
 -1.6425 -1.63698
-1.64543 -1.63981
-1.64782 -1.64235
 -1.6501 -1.64479
-1.65192 -1.64667
 -1.6535 -1.64799
 -1.6549 -1.64929
-1.65585  -1.6506
-1.65686  -1.6516
-1.65773 -1.65251
-1.65827 -1.65325
-1.65891 -1.65381
-1.6593 -1.6544
-1.65961 -1.65481
-1.65997 -1.65521
-1.66017 -1.65545
-1.66027  -1.6559
-1.66059 -1.65599
-1.66066 -1.65639
-1.66085 -1.65661
-1.66104  -1.6567
-1.66117 -1.65703
 -1.6612 -1.65697
-1.66116 -1.65718
-1.66115 -1.65728
-1.66125  -1.6573
-1.66128 -1.65749
-1.66126 -1.65762
-1.66141 -1.65753
-1.66139 -1.65764
-1.66154 -1.65786
-1.6615 -1.6578
-1.66147 -1.65783
-1.66151 -1.65803
-1.66156 -1.65788
-1.66137 -1.65794
 -1.6616 -1.65813
-1.66152 -1.65816
-1.66157 -1.65817
-1.66156 -1.65826
-1.66156 -1.65838
-1.66155  -1.6582
-1.66154 -1.65851
-1.66164  -1.6584
-1.66167 -1.65856
-1.66163 -1.65851
-1.66154 -1.65863
-1.66155 -1.65848
-1.66163 -1.65867
-1.66167 -1.65878
-1.66166 -1.65872
-1.66159 -1.65874
-1.66179  -1.6588
-1.66165 -1.65892
-1.66172 -1.65894
-1.66162 -1.65895
-1.66171 -1.65904
-1.66174 -1.65909
-1.66168 -1.65899
-1.66172 -1.65904
-1.66169 -1.65909
-1.66167 -1.65913
 -1.6617 -1.65912
-1.66167 -1.65898
 -1.6617 -1.65913
 -1.6617 -1.65901
-1.66175 -1.65913
-1.66166 -1.65914
-1.66185 -1.65926
-1.66171 -1.65924
-1.66184 -1.65917
-1.66183 -1.65917
-1.66178 -1.65929
-1.66181 -1.65925
-1.66176 -1.65918
-1.66184 -1.65926
Converged after 93 steps.
<sx(0) sx(i)> =
       1        1
0.805884  0.80731
0.780728 0.784227
0.689975 0.693635
0.683966 0.692187
0.675653 0.675792
0.664098 0.672327
0.706339 0.711892
0.691224 0.700229
0.686077 0.686395
0.672458 0.679022
0.653843 0.656287
0.673612 0.676042
0.720785 0.724248
0.718583 0.722826
0.695397 0.700612
0.689004  0.68823
0.725619 0.730415
0.702708  0.71153
0.636526  0.64141
0.659699 0.668776
0.624643 0.626237
0.708195 0.712273
0.707882 0.715406
 0.64678 0.649933
0.664723 0.672796
0.671425 0.677616
0.699934 0.706983
0.682236 0.691686
0.662684 0.666867
0.674573 0.679789
0.681409 0.683432
0.685184  0.67772
0.667763 0.678034
0.670415 0.677689
0.685411 0.685426
0.674085 0.679038
0.670409 0.664468
0.653328 0.651206
0.677661 0.678371
 0.67293 0.672302
 0.66209 0.666843
0.658674  0.66628
0.627325 0.625853
0.658184 0.642903
0.641239 0.646576
0.648854 0.625476
 0.63167 0.616328
0.593676 0.588777
0.648838 0.633083
0.591922 0.593834
0.627226 0.563392
0.590519 0.519532
0.570981 0.562488
0.649152 0.643798
0.539977 0.545342
0.606529  0.51015
0.561425 0.426358
0.550247 0.537456
0.648514  0.65991
0.509984 0.500985
0.549411 0.389062
0.600659 0.484531
0.513569 0.489633
0.642341 0.652912
0.546523 0.532097
0.564326 0.448355
0.607835 0.518837
0.539502 0.509111
0.643792 0.635637
0.558413 0.541517
0.603615 0.561809
0.629552 0.571535
0.589428 0.555454
0.646499 0.621287
0.590664 0.566212
0.642138 0.650555
0.653884 0.649486
0.642534 0.622052
0.655204 0.630318
0.619452  0.60157
0.661387 0.672578
0.665646 0.681673
0.673479 0.668876
0.671806 0.679447
0.645599 0.640121
0.666988 0.659815
0.673611 0.677977
0.678681 0.681491
0.671987 0.674337
0.666818 0.668024
0.677041 0.684799
 0.67921 0.684714
0.672263 0.677471
0.666861 0.663954
0.681721 0.686988
0.698175 0.704794
0.673361 0.673021
0.666922 0.667451
0.647951 0.650067
0.708017 0.709331
0.711483 0.709143
0.626375 0.629061
0.659728 0.655696
0.631659 0.637514
0.706685 0.704396
 0.72279 0.730603
 0.68318 0.686454
0.686893 0.694913
0.715237 0.717357
0.718787 0.722471
0.670631 0.673353
0.652552 0.651693
0.672351 0.678845
 0.68695 0.684799
0.695836  0.69678
0.699491 0.705596
0.666407 0.667788
0.672571 0.674447
0.685314 0.692164
0.687461 0.689806
0.710545 0.715133
0.686981 0.685287
0.787317 0.788658
<sz(0) sz(i)> =
           1            1
   -0.303879    -0.300027
    -0.20928    -0.200056
    0.102452      0.10208
   0.0250645    0.0212245
  -0.0555089   -0.0539832
  -0.0214873   -0.0260518
  -0.0342949   -0.0276973
  0.00814527   0.00904223
   0.0137296    0.0152548
  0.00168376  -0.00492595
  -0.0056801   -0.0123277
 7.99701e-05  -0.00925966
  -0.0148095   -0.0099952
  -0.0174049  -0.00989983
 -0.00645085   0.00398991
  0.00830293   0.00509551
 -0.00319768  -0.00785701
-0.000258901  -0.00560047
 -0.00303891 -0.000632968
 -0.00108928   0.00304241
  0.00359979   0.00897833
 -0.00804867  -0.00804508
 -0.00951013  -0.00713049
 -0.00422795   -0.0123346
 -0.00141942   0.00368505
  3.8985e-05 -0.000781172
 -0.00625536  -0.00651808
 0.000346387  -0.00425264
  0.00172364  -0.00492676
 -1.6285e-05    0.0020866
 0.000356375   0.00241706
 -0.00268117 -0.000678209
  0.00180968  -0.00177062
  0.00168473  -0.00336442
 -0.00638886  -0.00716583
  0.00107394  -0.00248019
  0.00308726  -0.00785288
 7.13497e-05   0.00106146
  -0.0026906   0.00585466
  0.00163907 -0.000310945
 -0.00219254  -0.00339339
 -0.00148359   -0.0036336
  -0.0118663  -0.00758679
 -0.00200365   0.00462083
  0.00510966   0.00703877
 -0.00517489   0.00310458
  0.00125046   -0.0037114
  0.00757193  0.000318693
  -0.0048245    -0.010488
 -0.00772734  -0.00430391
 -0.00264214    0.0020562
  -0.0010943  -0.00667914
 -0.00199808  -0.00140036
 -0.00222845  0.000353451
 0.000258124   0.00677313
-0.000459166  -0.00258771
  0.00620084   0.00543978
 -0.00401878  -0.00180153
 -0.00305101  -0.00421462
 -0.00036043  -0.00249113
  -0.0102427  -0.00120266
  0.00952468   0.00461594
  0.00738496  0.000115039
-0.000642269  -0.00306867
 -0.00293189  0.000470949
  0.00203656  -0.00313031
-0.000373222   0.00017791
 -0.00684958  0.000130831
 -0.00476261 -0.000120203
  0.00840892    0.0032317
 -0.00350071  -0.00122586
  0.00751813  -0.00263532
 0.000922559  -0.00486787
 -0.00839713  -0.00562631
  -0.0079705  -0.00218575
 -0.00158199   0.00634762
  0.00400232   0.00197424
 -0.00765766   0.00172016
  0.00321089  -0.00141402
   0.0048295  -0.00615763
 -0.00599473 -0.000763078
   0.0042652  -0.00211676
  0.00471193 -0.000493181
  -0.0081158  -0.00766545
 -0.00406722   0.00117659
 -0.00504938 -0.000224058
  0.00744366  -0.00056866
-0.000818918  -0.00507952
 -0.00409081    0.0038955
  0.00155201  -0.00330983
  0.00245583   0.00457542
 -0.00938791  -0.00088553
  0.00396809 -0.000999344
  0.00619056  -0.00619056
  0.00153292   0.00698271
-0.000157813  -0.00402187
 -0.00274359  -0.00428766
 0.000934115    0.0108628
  0.00119735  0.000521401
 -0.00632846 -0.000429348
-0.000297938  0.000376063
  0.00156784  -0.00481003
 0.000668052  -0.00336336
  0.00270783   0.00272185
  0.00729268    0.0038792
  -0.0026594   -0.0057781
 -0.00301951  -0.00381643
 -0.00244214  5.93253e-05
 0.000145634     -0.01038
 0.000645655   0.00923716
 -0.00288271   0.00475771
 0.000838676   -0.0024793
-0.000968015  -0.00434449
 -0.00390038    -0.002584
-0.000506563     -0.00297
 -0.00440824  -0.00231051
  0.00225359  -0.00221453
  0.00391868   0.00791726
  0.00225586    0.0084082
 -0.00569668  -0.00559239
   0.0026642   0.00385924
  0.00467151 -0.000413697
 -0.00716996  -0.00560348

real    1063m46.335s
user    130077m26.676s
sys     5m56.670s
