taskset -c 0-127 ./rbm-matfree-N124-M496-K2-opt  -c 128 --model trappedion -h 1 -n 100 -m 400  --tol 1e-5 --reglam-init 40 --reglam-cutoff 0.2
Random seed is 1182729772
-0.975076 -0.966913
 -1.09584 -0.765138
-1.35915 -1.31404
-1.44208 -1.43242
-1.48822 -1.48239
-1.51949 -1.51371
-1.54442 -1.53893
-1.56298 -1.55762
  -1.578 -1.57268
-1.59072 -1.58553
-1.60135 -1.59581
-1.61033 -1.60513
-1.61814 -1.61261
 -1.6241 -1.61849
-1.63021 -1.62442
-1.63543 -1.62922
-1.63932 -1.63315
-1.64284 -1.63683
 -1.6459 -1.63947
-1.64834 -1.64178
-1.65044 -1.64405
-1.65231 -1.64572
-1.65397 -1.64725
-1.65501 -1.64848
-1.65626 -1.64962
-1.65739 -1.65045
-1.65788 -1.65101
-1.65844 -1.65181
-1.65903 -1.65225
-1.65942 -1.65271
-1.65984 -1.65323
-1.66006 -1.65337
-1.6603 -1.6536
-1.66053 -1.65402
-1.66087 -1.65417
-1.66092 -1.65442
-1.66089 -1.65437
-1.66104 -1.65465
-1.66108 -1.65471
-1.66128 -1.65489
-1.66132 -1.65484
-1.66129 -1.65494
-1.66129 -1.65493
Converged after 43 steps.
<sx(0) sx(i)> =
       1        1
0.808976 0.762402
0.793343 0.770668
0.699119 0.644125
0.695198 0.644666
0.682179 0.598754
0.679599 0.663689
0.716262 0.706907
0.704716 0.692558
0.690418 0.615283
0.681865 0.676907
0.656156 0.628953
0.670545 0.632392
0.726145 0.730312
0.722921  0.72648
0.707987 0.709268
0.693493 0.674939
0.734095  0.73361
0.714482 0.705421
0.646589 0.636989
0.671631 0.669264
0.631507 0.629179
0.717587 0.711044
0.711996 0.713159
  0.6571 0.641928
0.672847 0.651592
0.678224 0.653088
0.707216 0.701561
 0.69266 0.676627
0.671917 0.667436
0.680576 0.679065
0.687202 0.692872
0.685785 0.685625
0.681042  0.67358
0.680498 0.679911
0.689778 0.691972
0.681874 0.680544
0.671717 0.673994
0.655841 0.654998
0.683856 0.680527
0.679598 0.676163
0.676003 0.677763
0.672576 0.677565
0.625677 0.626125
0.662337 0.668928
0.648167 0.648388
 0.65783 0.652195
0.649591 0.641009
0.600429 0.600795
0.659819  0.65726
0.604466 0.608275
0.641193 0.631475
0.608402 0.587766
0.582441 0.576838
0.661773 0.653073
0.555111 0.553182
0.624767 0.621655
0.572904 0.573475
0.569638 0.566247
0.662961 0.653228
0.524561 0.531618
0.555919 0.554177
 0.62196 0.615955
 0.52992 0.536067
0.659377 0.655171
 0.56752 0.566595
0.565178 0.567111
0.621317   0.6219
0.558046 0.566662
0.653724 0.658473
0.582224 0.576274
0.602086 0.600561
0.642285  0.63913
0.606334  0.58842
0.661626 0.659999
0.603882 0.577941
0.641607   0.6445
0.664646 0.660534
0.654528 0.634964
0.667341 0.667463
0.631983  0.58601
0.669225 0.649124
 0.67836 0.673374
0.681955 0.678751
0.678988 0.668036
0.658007 0.619047
0.679515 0.679292
0.685908 0.664623
0.689997 0.667702
0.678202 0.675666
0.674403 0.683841
0.690054 0.672996
0.685663 0.677299
0.683419 0.682782
0.669984 0.641764
0.686709 0.691426
0.703592 0.677068
0.676008 0.680101
0.674639 0.650986
0.661302    0.663
0.715494 0.713835
0.713977 0.718407
0.640664 0.626087
0.670077 0.654899
0.646626  0.62917
0.710501 0.696964
0.731886 0.734099
0.690453 0.689402
0.696402 0.697073
0.718486 0.708611
0.727728 0.727413
0.678677 0.676746
0.660408 0.639706
0.678146 0.644571
0.692403 0.686203
0.701527  0.68843
0.705321 0.681208
0.667991 0.659692
0.682289 0.678443
0.685424 0.666595
0.690481 0.644079
0.711611  0.70433
0.696867 0.652035
0.795015 0.791663
<sz(0) sz(i)> =
           1            1
   -0.288613    -0.291231
   -0.207513    -0.181042
   0.0979932     0.109819
   0.0195796   -0.0106734
  -0.0506054   -0.0774024
   -0.031661  -0.00912026
  -0.0298313   -0.0102468
    0.013884  -0.00685278
    0.019492    0.0537112
 0.000641437  -0.00950862
  -0.0219532   -0.0423046
 0.000457457    0.0206754
 -0.00639674   -0.0157126
  -0.0144147   -0.0150384
 -0.00176606   0.00391449
 -0.00508829   -0.0238961
 -0.00241584   0.00065803
 -0.00777463    0.0102356
  0.00442008   0.00772835
  0.00351924   0.00534795
  -0.0066469  0.000279711
  -0.0145961    -0.016732
-0.000520401  -0.00502647
 -0.00525945   -0.0315765
 -0.00179976    0.0287529
  0.00556815    0.0287678
 -0.00410836   -0.0181963
 -0.00796019   -0.0323523
  0.00850314   -0.0174094
 -0.00251466   0.00353029
-0.000320158   0.00637485
  0.00209033   0.00349561
 0.000182658    0.0144267
 -0.00446741  -0.00397009
  0.00606769   0.00162762
 -0.00055848  -0.00084777
 -0.00763887  -0.00575957
  -0.0119118  -0.00949443
 -0.00326052   0.00345583
  0.00538689   -0.0105822
 0.000797115  -0.00521118
 -0.00145892   0.00485736
  0.00238306  0.000702882
  0.00426953   0.00619922
 -0.00108816   0.00456472
 -0.00334506    0.0151029
  0.00738476   -0.0171894
 -0.00368513  -0.00830706
  -0.0073752   -0.0107107
 -0.00538159   0.00573315
  0.00254927   -0.0134477
-0.000438661    0.0177824
  0.00152915    0.0126896
  0.00117599    0.0185506
  0.00293095   -0.0102747
 -0.00231573  0.000440729
-0.000171815  -0.00693756
 0.000618609  -0.00694673
 -0.00952765   -0.0114099
 -0.00246535    0.0111763
 -0.00308299  -0.00797169
  0.00347202   0.00258267
 -0.00234726  -0.00952774
 -0.00516185   0.00277904
  0.00136368   0.00973007
  0.00528003   0.00725903
  0.00291729  -0.00557354
  0.00313832    0.0157289
 -0.00307417  -0.00536333
 -0.00347578    -0.017032
 -5.4563e-05   0.00310144
 0.000196948   0.00327961
-0.000332605   -0.0215033
 -0.00347507  -0.00125149
  0.00411334    0.0269023
 -0.00262549  0.000555174
 0.000195919  0.000624394
 -0.00154548    0.0184986
  0.00534577  -0.00175202
 -0.00561004     -0.03314
 -0.00597703    -0.028398
 -0.00167389    0.0159708
   0.0104928  -0.00322714
  0.00312945    0.0174955
  0.00250166    0.0312483
 -0.00330857 -0.000910185
  0.00266149   -0.0265287
 -0.00958742   -0.0308813
 0.000744819    0.0208177
  0.00103743   -0.0131077
 -0.00103486    0.0168552
  0.00221166    0.0164993
 -0.00124593   -0.0010197
 -0.00768038   -0.0241165
 -0.00721697   0.00155291
  -0.0056013   -0.0300237
   0.0034757   0.00718836
 2.67564e-05     0.027317
  0.00424322  0.000170843
   0.0111908  -0.00622988
 -0.00113385   0.00738385
 -0.00560527  -0.00353535
  -0.0059149   -0.0192023
   0.0127694    0.0142228
  0.00609931    0.0160101
   0.0053141    0.0106234
  0.00145315 -0.000632841
  -0.0115105   -0.0116926
  -0.0135652   -0.0136223
 -0.00276789   -0.0102399
  -0.0050114   -0.0096761
   0.0148744    0.0144225
  0.00565391    0.0196195
 -0.00484909    -0.012729
  0.00303633  -0.00639571
 -0.00718875   -0.0231628
 -0.00350677   0.00815521
  -0.0107323   0.00776359
   0.0135051    0.0283699
 -0.00402084   -0.0325807
  0.00156044   -0.0201542
 0.000701349    0.0350799
 -0.00748653   -0.0150135
