time taskset -c 0-127 ./rbm-matfree-N124-M496-K2-opt -c 128 --model trappedion -h 1 -n 100 -m 200 --tol 1e-4 --reglam-init 40 --reglam-decay 0.9 --reglam-cutoff 0.2
Random seed is 698208338
 -0.97093 -0.961228
 -1.07353 -0.942534
-1.34508 -1.31945
-1.43279 -1.42594
-1.48109 -1.47578
-1.51321 -1.50921
-1.53966 -1.53332
-1.55757 -1.55002
-1.57301 -1.56674
-1.58469 -1.57943
-1.59593 -1.59001
-1.60424 -1.59927
-1.61249 -1.60701
-1.61864 -1.61363
-1.62435 -1.61955
-1.62977 -1.62483
-1.63336 -1.62905
-1.63693 -1.63266
-1.64023 -1.63607
-1.64321 -1.63908
-1.64575 -1.64139
-1.64813 -1.64352
-1.65008 -1.64563
-1.65177 -1.64696
-1.65315 -1.64889
-1.65412 -1.64989
-1.65537 -1.65086
-1.65626 -1.65197
-1.65687   -1.653
-1.65766 -1.65335
-1.65805 -1.65405
-1.65854 -1.65472
 -1.6589 -1.65494
-1.65927 -1.65544
-1.65968 -1.65587
 -1.6599 -1.65605
 -1.6599 -1.65612
Converged after 37 steps.
<sx(0) sx(i)> =
       1        1
0.814172 0.798846
0.793361 0.783635
0.708238 0.696107
0.701231  0.69499
0.685421 0.683527
0.677441 0.673029
0.714345 0.711213
0.707195 0.700733
0.691549 0.687572
0.680817 0.677454
0.663435 0.642609
0.683296 0.662339
0.737501 0.728363
0.718799 0.715994
0.707582 0.695036
0.688463 0.672956
0.737816 0.720135
0.702747 0.704078
0.646863 0.641286
0.661911 0.651674
0.632879 0.621492
0.709727 0.698633
0.708589 0.702776
0.651829 0.644893
0.673375 0.669567
0.681804 0.679983
0.715835 0.709261
0.694614 0.689697
0.674462 0.668529
0.686102  0.68352
0.686047 0.686115
0.697221 0.691761
0.677508 0.684986
0.683917 0.684661
0.692544 0.692053
0.686807 0.681968
0.675818 0.663507
0.659635 0.661445
0.685372 0.680348
0.682151 0.672015
0.677948 0.679088
0.683669 0.677966
0.639363 0.633349
 0.65802 0.613186
0.651336 0.639879
0.663472 0.660246
0.664904 0.659475
0.613151 0.596156
0.654278 0.590717
0.604896 0.579334
0.629651 0.598701
0.617838 0.581354
0.582649 0.551148
0.661987 0.632484
0.552837 0.526385
0.615208 0.547193
0.561816 0.478291
0.555077 0.532372
 0.66019 0.661889
0.526801 0.497671
0.535854  0.43085
0.606333 0.517769
0.529175  0.50495
0.663379 0.675429
0.550119 0.536113
0.558703  0.46353
0.612021 0.532347
0.553008 0.541017
0.659433 0.660843
0.576412 0.553652
0.595263 0.564215
0.635378 0.584465
0.607751 0.597966
0.655668 0.629299
0.593132 0.586116
0.642227 0.643155
0.662559 0.652149
0.657708 0.646608
0.656756 0.637659
0.624229 0.630976
0.680207  0.66894
0.678362 0.678183
0.682463 0.677372
0.686048 0.675766
0.654594 0.658537
0.674994 0.658837
0.693487 0.684398
0.689358 0.683233
0.688329  0.67012
 0.68434 0.670967
0.685335 0.677666
0.691481 0.692515
0.694804 0.688776
0.676744 0.676248
0.686594 0.674692
0.707369   0.7057
0.682748 0.671449
0.674919  0.67377
0.655509 0.655556
0.707864 0.705012
0.722531  0.72058
0.622056 0.613191
0.669439 0.658555
0.641301 0.621192
0.712211 0.708413
0.732566 0.737291
0.697675 0.690811
0.704439  0.69692
0.725441  0.72359
0.727253 0.726368
0.685461 0.674319
0.665143 0.658386
0.681061 0.685106
0.691889 0.685284
0.704092 0.700939
0.711503 0.712181
0.674896 0.668954
0.683538  0.66576
0.699068 0.693391
0.697337 0.681202
0.722778 0.718515
 0.69432 0.685736
 0.79848 0.797181
<sz(0) sz(i)> =
           1            1
   -0.289317    -0.295683
    -0.19609    -0.184925
   0.0852273    0.0909446
   0.0289159   0.00881848
  -0.0507276   -0.0595068
  -0.0251052   -0.0152073
  -0.0306477   -0.0266179
  0.00381424  -0.00162674
   0.0213311    0.0123407
  0.00311952   0.00273985
  -0.0207225   -0.0215431
 -0.00560412  -0.00963026
 -0.00923196    -0.013893
 -0.00313224   -0.0128053
 -0.00132624   0.00609187
 -0.00835808  0.000233076
 -0.00949768  -0.00245545
  0.00426272   0.00308103
   0.0123581      0.01147
 -0.00811582   -0.0181342
  0.00170128   -0.0100607
 -0.00157553   0.00282553
 -0.00201181   -0.0138476
  0.00304093    0.0133653
 -0.00404988   -0.0126689
  -0.0106507   -0.0114587
  0.00686096    0.0129828
  -0.0118051   0.00532074
 0.000592342   0.00112641
 -0.00232298   -0.0115051
   0.0159855  -0.00411055
 -0.00157552   -0.0139714
 -0.00269206  -0.00574544
  0.00130614 -5.61436e-05
 -0.00244887 -0.000207382
-0.000138465   0.00107597
 -0.00533851   0.00932289
 -0.00502303     0.011273
  -0.0153191   0.00742846
   0.0171225  -0.00227875
   0.0123715  0.000597265
 -0.00566499    -0.015585
 -0.00155169   -0.0180577
   0.0012068   -0.0189412
 0.000987215    0.0223722
  0.00373459  -0.00014084
 -0.00532872  0.000563094
   0.0167292    0.0194427
 -0.00545573   0.00811198
  -0.0118127   -0.0330311
 -0.00535145   -0.0126954
    0.002196    0.0176478
  -0.0245925   -0.0306419
 0.000548452   -0.0110172
   0.0209802    0.0294885
  0.00488461    0.0244123
 -0.00744688   -0.0209125
   0.0240074    0.0288051
  0.00872215   0.00409035
  -0.0255185   -0.0349503
  0.00162785    0.0103253
 -0.00608186   -0.0202463
   0.0310685     0.033619
 -0.00323026  -0.00958224
  -0.0241042   -0.0355833
-0.000657402   -0.0165301
   0.0067493    0.0155163
  -0.0280392   -0.0279764
 -0.00261506  -0.00683806
   0.0237468    0.0377376
  0.00384262     0.021548
 -0.00134921  -0.00896329
     0.01474    0.0125256
 -0.00584292   0.00935854
   -0.018714   -0.0357391
  -0.0133309   -0.0167473
   0.0188589    0.0162192
 -0.00280971   -0.0103153
 -0.00621627   -0.0137056
   0.0114501    0.0156593
   0.0129952    0.0145829
  -0.0130627   -0.0134998
 -0.00248353  -0.00181334
 -0.00661572  -0.00299366
   -0.014275   0.00372813
  0.00300717  -0.00292904
  0.00341077    0.0119017
-0.000317207   0.00172346
  0.00142731  -0.00267731
   0.0115967    0.0011377
 -0.00629999    -0.011825
 -0.00335932  -0.00687506
  0.00790956   0.00959044
   0.0126892    0.0102014
  -0.0201807   0.00416512
  0.00456686   0.00519876
   -0.013712   -0.0148818
 -0.00470268   -0.0167817
  0.00518549    0.0212989
   0.0111825  -0.00829183
 -0.00148005    0.0019488
  -0.0150995   0.00588076
  -0.0108758  -0.00982733
   0.0119738   0.00302624
   0.0112288    0.0103337
  0.00314847   0.00872653
 -0.00434878  -0.00877622
 -0.00220036   0.00337223
 -0.00524746  -0.00240879
  -0.0049756   -0.0128369
   0.0130139   0.00737672
 -0.00812443   -0.0135162
 -0.00233269   0.00397332
  0.00164045    0.0185939
 -0.00109519   -0.0140611
    0.012378   0.00613764
 -0.00341525     0.006384
 -0.00607884   -0.0130618
 -0.00407589   -0.0127991
 -0.00105348    0.0116785
  0.00244637   0.00669425
 -0.00076343  -0.00103344
 -0.00848338  -0.00901662

real    123m47.290s
user    15154m50.816s
sys     2m20.515s
