taskset -c 0-127 ./rbm-matfree-N32-M128-K2-opt  -c 128 --model trappedion -h 1 -n 100 -m 400  --tol 1e-5 --reglam-init 4 --reglam-cutoff 0.2
Random seed is 491245528
-0.948894  -0.93468
 -1.2483 -1.21996
-1.45375 -1.42818
-1.49898 -1.47324
-1.52348 -1.49847
-1.53854 -1.51353
 -1.5493 -1.52433
-1.55673 -1.53139
-1.56167 -1.53637
-1.56553 -1.54015
-1.56831 -1.54282
-1.57047 -1.54498
-1.57197 -1.54654
 -1.5734 -1.54781
-1.57417 -1.54899
-1.57497 -1.54988
-1.57567 -1.55031
-1.57616 -1.55115
-1.57635 -1.55147
-1.57684 -1.55194
-1.57706 -1.55283
 -1.5773 -1.55309
-1.57748 -1.55348
-1.57759  -1.5531
-1.57766 -1.55378
-1.57773 -1.55387
-1.57805 -1.55423
-1.57811 -1.55431
-1.57799 -1.55427
-1.57814 -1.55464
-1.57829 -1.55498
-1.57811 -1.55487
-1.57822 -1.55533
-1.57858 -1.55542
-1.57836 -1.55541
-1.57836 -1.55555
-1.57834 -1.55566
-1.57829 -1.55566
-1.57851 -1.55585
-1.57853 -1.55568
 -1.5786 -1.55602
-1.57856 -1.55596
 -1.5785 -1.55628
-1.57859 -1.55618
-1.57855 -1.55631
-1.57851 -1.55626
-1.57849 -1.55634
-1.57873 -1.55639
-1.57877 -1.55675
-1.57866 -1.55674
-1.57869 -1.55681
-1.57861 -1.55664
-1.57875 -1.55694
-1.57876 -1.55688
 -1.5787 -1.55707
 -1.5787 -1.55695
-1.57872  -1.5571
-1.57877 -1.55724
-1.57888 -1.55723
-1.57876 -1.55704
-1.57869  -1.5572
-1.57881 -1.55719
-1.57864 -1.55709
-1.57889 -1.55738
-1.57871 -1.55715
-1.57871 -1.55737
-1.57879 -1.55743
-1.57875 -1.55727
-1.57883  -1.5575
-1.57872 -1.55738
-1.57876 -1.55756
 -1.5789 -1.55763
-1.57894 -1.55767
-1.57891 -1.55766
-1.57892 -1.55757
-1.57882 -1.55765
-1.57876 -1.55742
-1.57898  -1.5577
-1.57896 -1.55764
-1.57895 -1.55747
-1.57867 -1.55761
-1.57874 -1.55763
-1.57893 -1.55794
-1.57889 -1.55788
-1.57887 -1.55798
-1.57886 -1.55784
  -1.579 -1.55787
 -1.5789 -1.55815
-1.57869 -1.55774
-1.57893 -1.55786
 -1.5787 -1.55764
-1.57905 -1.55805
-1.57903 -1.55805
-1.57896 -1.55792
-1.57893 -1.55782
-1.57908  -1.5581
-1.57878 -1.55801
-1.57885 -1.55799
-1.57899 -1.55796
-1.57901 -1.55808
<sx(0) sx(i)> =
       1        1
0.887373 0.834001
0.636599 0.593694
0.684654 0.630638
0.639297 0.597515
0.619601 0.526033
0.624415  0.56817
0.621872 0.519664
0.576382 0.494471
0.650794  0.59905
0.624797  0.56611
0.606386 0.577054
0.680048  0.65921
0.656807  0.57103
0.620811 0.576057
0.667749 0.631272
0.670754 0.642385
0.620121 0.571474
0.652158 0.555082
0.678755 0.659899
0.600778 0.583822
0.628375 0.477701
0.649483 0.620635
0.572964 0.371318
0.610996 0.545433
0.616447 0.510393
0.610836  0.55007
0.627486 0.583534
0.673116 0.628887
0.633843 0.615908
0.607869 0.584219
0.691361 0.674845
<sz(0) sz(i)> =
          1           1
  -0.529544   -0.553542
   0.161641    0.192031
 -0.0319522  -0.0248837
  -0.102182   -0.155552
  0.0192476   0.0172368
  0.0445465    0.103461
 -0.0252987  -0.0141935
 -0.0339123   -0.106205
  0.0141746   0.0185989
  0.0156185   0.0807096
-0.00518558 -0.00770504
 -0.0176861  -0.0296577
  -0.021557  -0.0793023
  0.0106636   0.0634771
 0.00269488   0.0190239
 -0.0117235     -0.0498
-0.00413281  -0.0480937
 0.00896417   0.0950983
-0.00846065 -0.00275029
 0.00283992 -0.00565242
 -0.0194603   -0.130188
 -0.0024751    0.023022
 0.00951936    0.140559
-0.00446564  -0.0767453
 -0.0169904   -0.104728
 0.00857185   0.0756469
 0.00795487   0.0510295
 -0.0134421  -0.0688626
-0.00680749  -0.0142472
 0.00579614   0.0359226
-0.00717823  -0.0252046
