time taskset -c 0-127 ./rbm-matfree-N20-M80-K2-opt -c 128 --model trappedion -h 1 -n 100 -m 400 --tol 1e-8
Random seed is 202857008
-0.826042 -0.730197
0.660814  6.33184
-1.31545 0.175385
-1.41776 -1.16215
-1.47178 -1.30612
-1.50269 -1.39728
-1.52462 -1.44188
 -1.5379 -1.46805
-1.54794  -1.4829
-1.55404 -1.49302
 -1.5589 -1.49966
-1.56165 -1.50506
-1.56406 -1.50958
-1.56562 -1.51251
-1.56652 -1.51518
-1.56737 -1.51805
-1.56802 -1.52021
-1.56855 -1.52238
 -1.5689 -1.52413
-1.56915 -1.52563
-1.56933 -1.52712
-1.56956 -1.52807
-1.56968 -1.52937
-1.56981 -1.53021
-1.56985 -1.53099
-1.56992 -1.53147
-1.57004 -1.53208
-1.57004 -1.53271
-1.57008 -1.53283
-1.57009 -1.53341
 -1.5701 -1.53413
-1.57013 -1.53434
-1.57017  -1.5345
-1.57013 -1.53506
-1.57018 -1.53518
 -1.5702 -1.53548
-1.57013 -1.53582
-1.57019 -1.53604
-1.57023 -1.53624
-1.57027 -1.53633
-1.57027 -1.53661
-1.57023 -1.53672
-1.57025 -1.53698
-1.57029 -1.53715
-1.57028 -1.53725
-1.57027 -1.53741
-1.57026 -1.53753
-1.57028 -1.53757
-1.57028 -1.53771
-1.57023 -1.53788
-1.57029 -1.53796
-1.5703  -1.538
-1.57032 -1.53807
-1.57031 -1.53824
-1.57029 -1.53832
-1.57027 -1.53836
-1.57029 -1.53832
-1.57029 -1.53843
-1.57033 -1.53852
-1.57029 -1.53853
 -1.5703 -1.53868
-1.57032 -1.53868
-1.57032 -1.53876
-1.57033 -1.53878
 -1.5703 -1.53887
-1.57029 -1.53888
-1.57032 -1.53897
-1.57034 -1.53902
-1.57032 -1.53901
-1.57033 -1.53903
-1.57033 -1.53907
-1.57029 -1.53909
-1.57032 -1.53911
-1.57032 -1.53923
-1.57032  -1.5392
-1.57029 -1.53924
-1.57029 -1.53924
 -1.5703 -1.53927
-1.57029 -1.53931
-1.57033 -1.53936
-1.57031 -1.53934
-1.57034 -1.53935
-1.57032 -1.53939
-1.57035 -1.53944
-1.57032 -1.53947
-1.57034 -1.53946
-1.57035 -1.53953
-1.57034 -1.53957
-1.57033 -1.53952
-1.57035 -1.53959
-1.57031  -1.5396
-1.57034 -1.53957
-1.57036 -1.53963
-1.57034 -1.53963
-1.57035 -1.53961
-1.57033 -1.53966
-1.57034 -1.53969
-1.57032  -1.5397
-1.57033 -1.53974
-1.57033 -1.53979
<sx(0) sx(i)> =
       1        1
0.849678 0.725997
0.580805 0.474473
0.641871 0.532492
0.645437 0.630539
0.619163 0.453553
0.617429 0.566186
0.607942 0.436993
 0.60369 0.470378
 0.59998 0.478359
0.597137 0.393531
0.601778 0.544401
0.602683 0.415353
0.614718 0.582492
0.612482 0.473995
0.639562 0.598508
0.623308 0.558519
0.579457  0.50074
0.558741  0.50024
0.656617 0.600717
<sz(0) sz(i)> =
           1            1
   -0.567795     -0.60865
    0.269716     0.366769
   -0.150379    -0.264972
  -0.0598147   -0.0730369
   0.0630886     0.236013
  -0.0108006    -0.109082
  -0.0442755    -0.216467
 0.000203217     0.199016
   0.0213953     0.152902
  -0.0148226    -0.254709
  -0.0214589   -0.0747911
  0.00682462     0.230832
-0.000837288    -0.018108
   -0.010601    -0.181743
 -0.00245746    0.0773012
 -0.00304021    0.0906183
 -0.00944005     -0.12888
   0.0100208     0.104354
  -0.0150588   -0.0970896

real    396m36.903s
user    50756m52.327s
sys     0m7.716s
