time taskset -c 0-127 ./rbm-matfree-N100-M300-K3-opt -c 128 --model trappedion -h 2 -n 20 -m 400 --tol 1e-6 --reglam-init 120 --reglam-cutoff 1 --minres-rtol 1e-9 --correlation-data ioncorrN100M300K3.mat --dump-rbm ionm300k3h2 --lrate-init 0.05
Random seed is 3997512864
-1.93051 -1.90421 -1.90187
-1.95627 -1.92683  -1.9179
-1.98534 -1.95356 -1.93415
-2.05713 -1.97568 -1.94722
-2.28599 -2.00218 -1.96971
-2.95059 -2.09044 -2.01058
-3.61092 -2.48157 -2.13552
-3.84226 -3.31488 -2.63883
-3.91261 -3.75887 -3.59863
-3.93736 -3.88978 -3.78804
-3.94248 -3.92607 -3.83812
-3.94617 -3.93734 -3.86477
-3.94631 -3.94464 -3.88024
-3.94821 -3.94179 -3.81802
-3.94875 -3.94793 -3.89165
-3.94734 -3.94396 -3.87978
-3.94972 -3.94895 -3.89601
-3.94847 -3.94315 -3.89695
-3.94995 -3.94889 -3.90021
-3.94909 -3.94555 -3.89066

real    841m53.791s
user    103491m12.845s
sys     5m24.905s
liuchang@node37:~/rbm-code/c$ time taskset -c 0-127 ./rbm-matfree-N100-M300-K3-opt -c 128 --model trappedion -h 2 -n 20 -m 400 --tol 1e-6 --reglam-init 120 --reglam-cutoff 1 --minres-rtol 1e-9 --correlation-data ioncorrN100M300K3.mat --load-rbm ionm300k3h2N100M300K3.mat --lrate-init 0.05 --dump-rbm ionm300k3h2train2
Random seed is 3874911036
-3.95009 -3.94884 -3.90143
-3.95006 -3.94885 -3.90208
-3.95022  -3.9489 -3.90255
-3.95018 -3.94886 -3.90267
-3.94957 -3.94865 -3.90287
-3.94971 -3.94858 -3.90312
 -3.9502 -3.94888 -3.90365
-3.95031 -3.94894 -3.90394
-3.94987 -3.94896 -3.90417
-3.95026 -3.94904 -3.90431
-3.94949 -3.94906  -3.9045
-3.95032 -3.94904 -3.90465
-3.94906 -3.94722 -3.90474
-3.95017 -3.94903 -3.90493
-3.94906 -3.94695 -3.90494
-3.94968 -3.94907 -3.90498
-3.94907 -3.94902 -3.90514
-3.94904 -3.94573 -3.90526
-3.94907 -3.94755 -3.90536
-3.94907 -3.94722 -3.90543

real    1923m57.019s
user    239518m1.391s
sys     11m5.348s
liuchang@node37:~/rbm-code/c$ time taskset -c 0-127 ./rbm-matfree-N100-M300-K3-opt -c 128 --model trappedion -h 2 -n 50 -m 400 --tol 1e-6 --reglam-init 120 --reglam-cutoff 1 --minres-rtol 1e-9 --correlation-data ioncorrN100M300K3.mat --load-rbm ionm300k3h2train2N100M300K3.mat --lrate-init 0.05 --dump-rbm ionm300k3h2train3
Random seed is 3970811940
-3.94908 -3.94693  -3.9055
-3.94985 -3.94908  -3.9056
-3.95016 -3.94908 -3.90567
-3.95026 -3.94909 -3.90571
-3.95002 -3.94907 -3.90578
-3.94999  -3.9491 -3.90585
-3.94989  -3.9491 -3.90592
-3.94966 -3.94908 -3.90598
-3.95002 -3.94908  -3.9061
-3.94912 -3.94901 -3.90614
-3.94908 -3.94889 -3.90617
-3.94908 -3.94883 -3.90623
-3.94908 -3.94583 -3.90626
-3.94911 -3.94899 -3.90637
-3.94911  -3.9463  -3.9064
-3.94912 -3.94899 -3.90646
-3.94911 -3.94869 -3.90648
-3.94912 -3.94786 -3.90658
-3.94911 -3.94718 -3.90659
-3.94911 -3.94788 -3.90664
 -3.9491 -3.94765  -3.9067
-3.94912 -3.94687 -3.90671
 -3.9491 -3.94721 -3.90682
-3.94912 -3.94739 -3.90687
-3.94909 -3.94891 -3.90686
-3.94908 -3.94778 -3.90694
-3.94934 -3.94909 -3.90694
-3.94912 -3.94808 -3.90701
-3.94931  -3.9491 -3.90699
-3.94912 -3.94885 -3.90709
-3.94911 -3.94824 -3.90711
-3.94923 -3.94912 -3.90711
 -3.9499 -3.94911 -3.90715
-3.94911 -3.94892 -3.90721
-3.94951 -3.94911 -3.90724
-3.94933 -3.94911 -3.90726
-3.94971 -3.94912 -3.90734
-3.95011 -3.94912 -3.90732
-3.94965 -3.94915 -3.90738
-3.95012 -3.94911 -3.90742
-3.94974 -3.94913 -3.90745
-3.95003 -3.94913 -3.90748
-3.95011 -3.94913 -3.90751
 -3.9502 -3.94915 -3.90753
-3.95019 -3.94914 -3.90757
-3.95031 -3.94917 -3.90757
-3.95026 -3.94915 -3.90761
-3.95031 -3.94916 -3.90765
-3.95034 -3.94916 -3.90771
-3.95034 -3.94916  -3.9077

real    13248m11.269s
user    1641718m48.564s
sys     67m35.993s
