time taskset -c 0-127 ./rbm-matfree-N112-M448-K2-opt -c 128 --model trappedion -h 2 -n 100 -m 400 --tol 1e-5 --reglam-init 40 --reglam-cutoff 0.2
Random seed is 4119651956
-1.94491 -1.91788
-2.05528 -1.99765
-2.29684 -2.25682
-2.37951 -2.35118
-2.41447 -2.38886
-2.43501 -2.41067
-2.44907 -2.42562
-2.45949 -2.43625
-2.46713 -2.44427
 -2.4736 -2.45047
-2.47871 -2.45574
-2.48268 -2.45935
-2.48594   -2.463
-2.48882 -2.46592
 -2.4905 -2.46754
-2.49242  -2.4696
-2.49349 -2.47086
-2.49451 -2.47221
-2.49538 -2.47307
 -2.4959 -2.47394
-2.49626 -2.47436
-2.49663 -2.47484
-2.49694 -2.47531
-2.49707 -2.47554
-2.49736 -2.47578
-2.49739 -2.47587
-2.49751 -2.47613
-2.49755 -2.47621
-2.49753 -2.47638
-2.49762 -2.47644
 -2.4976 -2.47653
-2.49768 -2.47673
-2.49764 -2.47652
-2.49768  -2.4767
-2.49766 -2.47657
 -2.4977 -2.47672
-2.49767 -2.47689
-2.49771 -2.47674
-2.49779   -2.477
-2.49775 -2.47697
-2.49769 -2.47686
-2.49771 -2.47694
-2.49787 -2.47697
-2.49774 -2.47711
-2.49777  -2.4771
-2.49766 -2.47716
-2.49763 -2.47708
-2.49769 -2.47702
-2.49768 -2.47708
 -2.4977 -2.47718
-2.49785 -2.47724
-2.49771 -2.47718
-2.49771  -2.4771
 -2.4978 -2.47718
-2.49778 -2.47728
-2.49771 -2.47729
 -2.4978 -2.47735
-2.49775 -2.47748
-2.49782 -2.47748
-2.49766 -2.47734
-2.49769 -2.47748
-2.49772 -2.47745
-2.49779 -2.47774
-2.49774 -2.47761
-2.49775 -2.47755
-2.49777 -2.47753
-2.49774 -2.47763
-2.49777 -2.47759
-2.49783 -2.47757
-2.49776 -2.47765
-2.49779 -2.47776
-2.49778 -2.47762
-2.49774 -2.47769
-2.49775 -2.47762
-2.49782  -2.4778
-2.49777 -2.47775
-2.49769  -2.4778
-2.49773 -2.47776
 -2.4978 -2.47783
-2.49772 -2.47775
-2.49779 -2.47782
-2.49785 -2.47787
-2.49775 -2.47783
-2.49774 -2.47773
-2.49769 -2.47784
-2.49789 -2.47796
-2.49788  -2.4779
-2.49776 -2.47781
-2.49787  -2.4779
-2.4978 -2.4779
 -2.4979 -2.47787
-2.49783 -2.47796
-2.49778 -2.47796
-2.49786   -2.478
-2.49783 -2.47808
-2.49774  -2.4779
-2.49775 -2.47806
-2.49771 -2.47795
-2.49789 -2.47803
 -2.4978 -2.47807
<sx(0) sx(i)> =
       1        1
0.923621 0.924605
0.903323 0.905063
0.862014 0.861149
0.868389  0.86762
 0.86502 0.865311
0.855681 0.851304
0.874726 0.875532
 0.86693 0.871062
0.849886 0.844651
 0.87363 0.866268
0.837889 0.837825
0.865574 0.864904
0.844959 0.837477
0.869353 0.867741
0.849817 0.849143
0.853803 0.848873
0.850069 0.849007
0.845615 0.844083
0.860444 0.861797
0.850927  0.85398
0.850653 0.844671
0.844627  0.84182
0.864759  0.86496
0.856497 0.858543
0.837603  0.82558
0.851006  0.84957
0.834878 0.822544
 0.86576  0.86688
0.859857 0.855918
0.843343 0.842728
0.847534 0.845712
  0.8478 0.835455
0.858095 0.861275
0.859586 0.841912
0.842708 0.841234
0.848709 0.850166
0.844777 0.848491
0.857071  0.85873
0.843028 0.838252
0.856119 0.809103
0.848505 0.844957
0.845279 0.841079
0.842476 0.827336
 0.85891 0.849432
0.857798 0.747123
0.838486  0.74752
0.849182  0.84086
0.840959 0.846647
0.862621 0.843375
 0.85628  0.73314
0.834043 0.629517
0.846908 0.799197
 0.83526 0.798046
0.861748 0.852241
0.854184 0.767799
0.829257 0.690515
0.840431  0.77223
0.826321 0.661902
0.833261  0.81663
0.860324 0.859504
0.858715 0.829504
0.827044 0.674341
0.843819 0.794115
0.838926 0.841051
0.857948 0.853993
0.857502 0.852249
0.832915  0.78623
0.838925 0.827884
0.845372 0.837181
0.859926 0.854782
0.839813 0.834204
0.854998 0.857591
0.843656 0.839414
0.846193 0.844336
 0.85719 0.857318
0.842713 0.846615
0.859043 0.859299
 0.84425 0.839983
0.844212 0.839051
0.840212 0.837386
0.868126 0.866875
0.857353 0.853077
0.834475 0.831022
0.844741 0.844983
0.836424 0.832243
0.857123 0.852886
0.866118 0.861589
0.845751 0.842645
0.846966  0.84549
0.858816  0.85243
0.855507 0.855948
0.847221 0.840131
0.844607 0.843398
 0.86007 0.857455
 0.85862 0.860429
0.850062 0.847931
0.844751 0.841524
0.856074 0.858234
0.861271 0.855113
0.853113 0.852407
0.843751 0.841898
0.856636 0.859719
0.849078  0.85108
0.876546 0.875271
0.869697 0.870434
0.845464 0.844103
0.866614 0.864273
0.865599 0.861156
0.864447  0.86255
0.862503 0.860236
0.902668 0.904225
<sz(0) sz(i)> =
           1            1
    -0.21493    -0.214913
   -0.144567     -0.14098
   0.0184361    0.0174623
 -0.00223556  -0.00518632
  -0.0195197   -0.0229413
  -0.0101005  -0.00950884
  -0.0163523   -0.0139212
 -0.00672572  -0.00389928
 -0.00122603  -0.00990678
  -0.0110305  -0.00947734
   0.0018829  0.000304596
  -0.0108346   -0.0101029
  -0.0104957  0.000222304
 -0.00259796  -0.00287079
 -0.00410936  -0.00897658
 0.000612649  -0.00490952
 0.000856172  -0.00644211
 -0.00175291  -0.00883303
  -0.0092436  -0.00247515
 -0.00271806  -0.00704756
  0.00681386   0.00767833
  0.00225332  -0.00420644
 0.000481431  -0.00755174
 0.000972442   0.00121506
 -0.00737776  -0.00238786
 -0.00752434  -0.00497566
  0.00196781  -0.00388188
 -0.00116993  0.000896497
 -0.00824043   0.00206855
 -0.00385049  -0.00138388
  0.00342769  0.000517624
  -0.0107341   0.00499195
 -0.00480989  -0.00296354
-0.000488001   -0.0073245
 -0.00443007    0.0010707
  0.00185562  -0.00236343
  0.00362774   0.00180195
  -0.0064606  -0.00115658
 -0.00468833  -0.00359292
  0.00180448  -0.00145292
   0.0048588 -0.000952545
  0.00665428  0.000494162
  -0.0026554 -0.000586788
   0.0049085  -0.00693975
  0.00184348  -0.00367942
 -0.00700451    0.0011842
 -0.00368284  0.000714091
 -0.00210236  -0.00102264
 -0.00844206  -0.00444856
 -0.00359445 -0.000116484
  -0.0041662  0.000533385
  0.00251184   -0.0105587
  6.8644e-05   -0.0110843
 -0.00147946  -0.00395023
  0.00291094  -0.00482501
 0.000664696   0.00105405
 0.000902034   0.00542609
  -0.0060235  -0.00104681
 -0.00869546  -0.00224204
  0.00860195 -0.000984763
 -0.00523289  0.000857887
 -0.00575124   0.00239187
  0.00406552  0.000817291
  0.00393461   0.00184664
-0.000174113  -0.00267745
 -0.00127644  -0.00887981
 -0.00706244  -0.00293756
-0.000377866  -0.00266901
  0.00319391   0.00379828
  0.00224085   0.00768102
 -0.00180644  -0.00401388
 -0.00174731   0.00385668
-0.000103552   0.00037699
 -0.00624364  0.000462389
 -0.00141646   -0.0102632
  0.00184296   0.00436798
  0.00358327  -0.00112233
  0.00330058   0.00544942
  0.00731783  -0.00427095
  -0.0043407   0.00508289
 -0.00316498    -0.013085
 -0.00219168    0.0016448
 -0.00362918   0.00378543
  0.00198589   0.00262348
  0.00107847  -0.00451597
-0.000540861 -0.000943514
    0.002995   0.00348938
 -0.00571406   0.00258906
 -0.00508081   0.00246362
-0.000118794 -0.000389019
  0.00572991  -0.00155023
  0.00707481   -0.0087545
  0.00194701   0.00574831
 -0.00876798   -0.0058414
   -0.001022  -0.00792332
 0.000219788  -0.00283698
  -0.0055853  -0.00925845
-0.000769371   0.00264437
 -0.00132112   0.00206331
-0.000994504  1.79414e-05
 -0.00271665  -0.00314272
 -0.00282274   0.00540087
-0.000168861    0.0010673
  0.00210541 -0.000855406
-0.000491832  -0.00525036
-0.000322696   0.00762738
  0.00189254   0.00146683
 -0.00189314  -0.00404436
 -0.00376758  -0.00705273
  0.00100414   0.00575367
 -0.00460347  -0.00664653

real    831m37.133s
user    101049m32.346s
sys     5m4.888s
