taskset -c 0-127 ./rbm-N16-M64-K2-opt  -c 128 --model trappedion -h 1 -n 100 -m 400  --tol 1e-5 --reglam-init 1 --reglam-cutoff 0.2
Random seed is 4018878946
-0.955293 -0.825708
-1.28617 -1.11614
-1.44952 -1.35845
-1.47859 -1.39706
-1.49192 -1.41721
-1.50067 -1.42836
-1.50612 -1.43657
-1.51073 -1.44213
-1.51393 -1.44657
-1.51652 -1.44978
-1.51846 -1.45306
 -1.5203 -1.45546
-1.52101 -1.45725
-1.52244 -1.45919
-1.52296  -1.4607
 -1.5242 -1.46241
-1.52417 -1.46358
-1.52461 -1.46482
-1.52529 -1.46563
-1.52542 -1.46697
-1.52599 -1.46769
-1.52618 -1.46883
-1.52616 -1.46921
-1.52637 -1.47044
-1.52655  -1.4711
-1.52663 -1.47151
-1.52661 -1.47276
-1.52716 -1.47339
-1.52717 -1.47397
-1.52688 -1.47437
-1.52737 -1.47497
 -1.5274 -1.47597
-1.52748 -1.47594
-1.52753 -1.47668
-1.52747 -1.47683
-1.52781 -1.47749
-1.52748 -1.47785
-1.52741 -1.47834
-1.52771 -1.47862
-1.52811 -1.47913
-1.52762 -1.47949
-1.52789 -1.47995
-1.52769  -1.4802
  -1.528 -1.48053
-1.52801 -1.48087
-1.52811  -1.4812
-1.52766 -1.48115
-1.52796 -1.48155
-1.52771 -1.48163
-1.52788 -1.48205
-1.52775 -1.48244
-1.52781 -1.48234
-1.52776 -1.48279
-1.52805 -1.48314
-1.52794  -1.4831
-1.52783 -1.48338
-1.52784  -1.4833
-1.52807 -1.48389
-1.52786 -1.48391
-1.52799 -1.48409
-1.52805   -1.484
-1.52778 -1.48443
 -1.5279 -1.48459
 -1.5283 -1.48505
-1.52814 -1.48509
-1.52789 -1.48475
-1.52812 -1.48531
-1.52791 -1.48502
-1.52805 -1.48517
-1.52806 -1.48536
-1.52802 -1.48516
-1.52829 -1.48581
-1.52837  -1.4857
 -1.5282 -1.48573
-1.52802 -1.48561
-1.52822 -1.48585
-1.52808 -1.48592
-1.52807 -1.48619
-1.52811  -1.4866
-1.52821 -1.48633
-1.52818  -1.4865
-1.52829 -1.48645
 -1.5283 -1.48658
-1.52838 -1.48675
-1.52823 -1.48679
-1.52852 -1.48676
-1.52815 -1.48692
-1.52811 -1.48675
 -1.5281 -1.48684
-1.52834 -1.48689
-1.52822 -1.48691
-1.52824 -1.48701
-1.52816   -1.487
-1.52816 -1.48708
-1.52827 -1.48706
 -1.5285 -1.48732
-1.52831 -1.48719
-1.52824 -1.48716
-1.52827  -1.4874
-1.52849 -1.48755
<sx(0) sx(i)> =
       1        1
0.834628 0.694927
0.575777 0.477032
 0.63222 0.531298
0.657406 0.604761
0.649297  0.60992
0.646356 0.566338
0.645382 0.590785
0.644768 0.598125
0.642554 0.548999
0.645322 0.605737
0.654933 0.595706
0.604136 0.369249
 0.56725 0.283691
0.554633 0.273375
0.664639 0.483647
<sz(0) sz(i)> =
          1           1
  -0.560849   -0.609229
    0.28803    0.384079
  -0.199559   -0.297785
-0.00260473   0.0629563
  0.0375247   0.0488034
 -0.0371398   -0.106532
 -0.0166942   0.0361083
  0.0115937   0.0274297
-0.00531046  -0.0571505
 -0.0205177  0.00266614
  0.0035288   0.0177993
-0.00337138  -0.0185817
 -0.0129776 -0.00639738
 0.00411548   0.0123298
  -0.014479  -0.0229428
