time taskset -c 0-127 ./rbm-matfree-N120-M480-K2-opt -c 128 --model trappedion -h 1 -n 100 -m 400 --tol 1e-5 --reglam-init 40 --reglam-decay 0.9 --reglam-cutoff 0.2 --minres-rtol 1e-8
Random seed is 2140229285
-0.971408 -0.955077
-1.05315 -1.00697
  -1.359 -1.34219
-1.44814 -1.44138
-1.49354 -1.48782
-1.52529  -1.5198
-1.54771 -1.54211
-1.56656 -1.56059
-1.58081  -1.5758
-1.59247 -1.58729
 -1.6027 -1.59744
-1.61137 -1.60613
-1.61833 -1.61309
-1.62506 -1.62004
-1.63017 -1.62479
-1.63477 -1.62956
-1.63872 -1.63318
 -1.6423 -1.63686
-1.64518  -1.6395
-1.64754 -1.64197
-1.64993 -1.64403
-1.65185 -1.64601
-1.65362 -1.64767
-1.65494 -1.64892
  -1.656 -1.64987
  -1.657 -1.65101
-1.65783 -1.65191
-1.65845  -1.6526
-1.65922 -1.65322
-1.65935 -1.65358
 -1.6599 -1.65415
-1.66014 -1.65443
-1.66052 -1.65474
-1.66073 -1.65509
-1.66094 -1.65519
-1.66103 -1.65545
-1.66128  -1.6557
-1.66127 -1.65586
-1.66138 -1.65585
-1.66154 -1.65605
-1.66161  -1.6561
-1.66159 -1.65618
 -1.6619 -1.65625
-1.66178 -1.65631
-1.66183 -1.65658
-1.66181 -1.65657
-1.66176 -1.65654
-1.66191 -1.65673
-1.66196 -1.65685
-1.66192 -1.65691
-1.66172 -1.65686
-1.66196  -1.6568
-1.66205 -1.65707
-1.66198 -1.65716
-1.66202 -1.65709
-1.66198 -1.65714
-1.66207 -1.65725
-1.66213 -1.65723
  -1.662 -1.65722
-1.66221 -1.65733
-1.66199 -1.65734
-1.66209  -1.6574
-1.66215  -1.6575
-1.66212 -1.65759
-1.66202 -1.65751
-1.66214 -1.65753
-1.66217  -1.6577
-1.66213 -1.65757
 -1.6622 -1.65773
-1.66211  -1.6577
-1.66218 -1.65785
-1.66223 -1.65792
-1.66225 -1.65787
-1.66227 -1.65792
-1.66223 -1.65788
-1.66214 -1.65791
-1.66227 -1.65791
Converged after 77 steps.
<sx(0) sx(i)> =
       1        1
0.811753 0.809235
0.782865 0.777112
0.706429 0.700074
0.693015 0.693775
0.674377  0.66611
0.719444 0.714629
0.730021  0.73076
0.681545 0.677938
0.680007  0.67608
0.646892 0.647079
0.696511 0.681064
0.666983 0.667303
0.675068 0.665263
0.673311 0.664138
0.694325 0.682827
0.684735 0.673226
0.698011 0.689976
0.677433 0.662285
0.685523 0.687256
0.719453 0.710343
0.694301 0.680222
0.628263 0.600657
0.668998 0.663646
0.633511  0.60392
0.689997  0.67609
0.704897 0.704286
0.652466 0.651906
0.669093 0.674326
0.669225 0.656417
0.667045 0.650245
0.705557 0.706957
0.675732 0.664387
0.686367 0.679195
0.679201 0.678642
0.665096 0.648351
0.682321 0.678932
0.685469 0.681294
 0.67967 0.678886
0.686704 0.678346
0.652843 0.637296
0.682547  0.65609
0.662512 0.633652
0.674367 0.666475
0.674561 0.672767
 0.64142 0.625733
0.672706 0.645932
0.639656 0.569699
0.664328 0.647148
0.639381 0.596208
0.637729 0.600709
0.664835 0.669787
0.619096  0.52967
0.662872 0.649847
0.600363 0.500081
0.633225 0.580957
0.663513 0.663794
0.607592 0.519572
0.662377 0.669427
0.578762 0.477603
   0.669 0.651652
0.630865 0.582403
0.586281 0.523697
0.666002 0.670163
0.611353  0.54484
0.665334 0.653951
0.643441 0.607281
0.609192 0.596088
  0.6705   0.6574
0.623579 0.585348
0.667592 0.656688
0.642864 0.629245
0.645011 0.642046
0.671151 0.652245
 0.64438 0.630661
0.673019 0.668325
0.644439 0.648797
0.669831 0.670979
 0.67264 0.666344
0.665223 0.667757
  0.6777 0.672187
0.654087 0.660262
 0.68483 0.680179
0.681984 0.679183
0.677962 0.673651
0.680478   0.6831
0.667098  0.67186
0.678891 0.679002
0.686422 0.681625
0.669881 0.671135
0.677561 0.682534
0.712583 0.713323
0.640769 0.628568
0.685632 0.682389
0.628196 0.616782
0.678749 0.676066
0.710342 0.707672
0.664166 0.660669
0.678292 0.671678
0.662238 0.667341
0.695993 0.693362
0.657627 0.651095
0.693765 0.691839
0.639596 0.640664
0.666655 0.661002
 0.72448 0.721331
0.683321 0.669139
0.679544 0.678979
0.650477 0.637021
0.708158 0.702775
0.658788 0.656226
0.707167 0.708264
0.725697 0.720148
0.699408 0.695674
 0.68694 0.677823
0.691283 0.692226
0.688721 0.676218
0.730516 0.735229
0.698926 0.693919
0.780582 0.782051
<sz(0) sz(i)> =
           1            1
   -0.295955    -0.300685
   -0.204342    -0.194682
    0.105361     0.107256
    0.041734    0.0319379
  -0.0425099   -0.0408885
  -0.0517631   -0.0625729
  -0.0382504   -0.0215152
   0.0170764    0.0158533
 -0.00113023   0.00476304
  0.00706209   0.00258634
 -0.00748485   -0.0156401
  -0.0142956   -0.0113294
  -0.0120301   -0.0108996
  0.00232298   0.00466921
  0.00351822   0.00183334
 -0.00624128    0.0035069
 -0.00435191  -0.00420278
-0.000917608  0.000761358
 -0.00584479  -0.00540521
  -0.0095233  -0.00133608
 -0.00549545  -0.00833268
 0.000885241  -0.00276024
  0.00716538   0.00810806
 -0.00075564  -0.00182249
  -0.0074052  -0.00911824
 -0.00248184 -0.000643155
-0.000961613   -0.0011087
  0.00117227   -0.0132035
 -0.00639649  -0.00743164
   0.0037958   0.00733701
 -0.00686807  -0.00309287
  0.00400939    0.0092328
 -0.00351703  -0.00238141
 0.000992212  -0.00560159
 -0.00256691  -0.00102684
 0.000112629  -0.00105013
  -0.0051578   0.00535311
-0.000840126   -0.0051755
 -0.00297439   0.00320876
  0.00867942  -0.00305442
   0.0038044  -0.00614815
 0.000815939  -0.00440969
   0.0039303   0.00192907
  0.00436963   0.00156787
   -0.013162   -0.0036349
  -0.0107457   0.00297224
  0.00123733   0.00477829
  0.00131441  -0.00182222
  0.00775902   0.00114723
  0.00214265 -0.000697338
-0.000850225  -0.00379821
 -0.00316337  -0.00664132
 9.61647e-06  -0.00235337
 0.000596668   0.00799708
 -0.00426342   0.00367749
 -0.00568779   0.00217216
 -0.00322878  -0.00282591
 -0.00323575  0.000149815
 -0.00606373  -0.00710034
   0.0031072  -0.00240407
 -0.00300914  7.94515e-05
 0.000420839   0.00496979
  0.00323304  -0.00663148
  0.00229648   0.00153164
  -0.0109957  -0.00228551
 0.000993303  -0.00126674
  0.00135757  -0.00190444
 -0.00861462   0.00545056
 -0.00295037   0.00474724
  0.00718317  -0.00273004
  0.00150961  -0.00736899
  0.00183786   0.00284964
  0.00403943  -0.00360974
 -0.00933698  -0.00398333
 -0.00490677  -0.00181198
  0.00356039   0.00581461
  -0.0021981  -0.00452065
-0.000580955    0.0022997
  0.00150081   0.00263982
  0.00367624  0.000581576
  -0.0017235  -0.00503431
  -0.0023561   0.00509047
 -0.00521677  -0.00017385
 -0.00110058  -0.00921192
 0.000207198  -0.00493376
-0.000918799   0.00455161
  0.00667336   0.00113914
 -0.00223822  0.000519472
 -0.00674386  -0.00559989
  0.00419399 -1.42989e-05
 -0.00780478  0.000226656
  0.00590005   0.00640464
 0.000392013   -0.0033217
 -0.00196466   0.00481622
-0.000482245   0.00149787
 -0.00401254  0.000809414
  0.00401048  -0.00178392
  -0.0110707  -0.00627309
 -0.00415186  -0.00295752
  0.00872163   0.00487212
  0.00377648 -6.55392e-05
  0.00250099  -0.00246192
   0.0010267    0.0064733
  0.00152045    0.0020733
  0.00308203  -0.00441016
 0.000613616  -0.00991049
 -0.00853009  -0.00455585
 -0.00042322   0.00764978
  0.00208569   0.00357837
 -0.00519784   0.00402597
  0.00660541   0.00292584
 -0.00111583  2.20784e-05
  0.00221594   0.00110437
 -0.00753839 -0.000742857
  0.00443594 -0.000764068
  0.00314571   0.00119023
   0.0028726  -0.00494291
 -0.00415666 -0.000335525
  -0.0105066  -0.00472776

real    427m16.517s
user    50964m8.279s
sys     8m11.377s
