time taskset -c 0-127 ./rbm-matfree-N104-M416-K2-opt -c 128 --model trappedion -h 1 -n 100 -m 400 --tol 1e-5 --reglam-init 40 --reglam-cutoff 0.2 --dump-rbm ion3
Random seed is 1141491907
-0.964808 -0.951702
-1.03104  -1.0042
-1.34514 -1.32288
  -1.438 -1.42798
-1.48415 -1.47697
-1.51635  -1.5067
-1.53798 -1.53077
-1.55547 -1.54817
-1.56995 -1.56317
-1.58196 -1.57542
-1.59177 -1.58533
 -1.6009 -1.59412
-1.60734 -1.60052
 -1.6134 -1.60668
-1.61881 -1.61217
-1.62325 -1.61634
-1.62745  -1.6205
-1.63063 -1.62349
-1.63372 -1.62637
-1.63597 -1.62855
-1.63773 -1.63048
-1.63944 -1.63207
-1.64109 -1.63339
-1.64237 -1.63476
-1.64322 -1.63554
-1.64395 -1.63616
-1.64453 -1.63679
-1.64508 -1.63735
-1.64557 -1.63792
-1.64602 -1.63831
-1.6463 -1.6386
-1.64662  -1.6388
-1.64684 -1.63915
-1.64695 -1.63921
-1.64702 -1.63931
-1.64721 -1.63944
-1.64723 -1.63961
-1.64732 -1.63978
-1.64738 -1.63969
-1.64747 -1.63993
-1.64742 -1.63978
-1.64761 -1.63997
-1.64768 -1.63995
-1.64765 -1.64008
-1.64755 -1.64013
-1.64761 -1.64023
-1.64763    -1.64
-1.64772  -1.6402
-1.64762 -1.64032
-1.64769 -1.64023
-1.64781 -1.64039
 -1.6477 -1.64027
-1.64781 -1.64044
-1.64777 -1.64032
-1.64777  -1.6405
-1.64777  -1.6403
-1.64776 -1.64032
-1.64778 -1.64047
-1.64783 -1.64059
-1.64774 -1.64063
-1.64786  -1.6407
 -1.6478 -1.64053
 -1.6477 -1.64061
-1.64773 -1.64063
-1.64768 -1.64068
-1.64777 -1.64063
-1.64785 -1.64071
Converged after 67 steps.
<sx(0) sx(i)> =
       1        1
0.789883 0.781538
0.786443 0.783933
 0.70619 0.697511
0.706035 0.700878
0.674625 0.662382
 0.73206 0.722907
0.720349  0.71589
 0.68672 0.669244
0.639634 0.633262
0.688679 0.670562
0.705606 0.675157
0.664888 0.639734
0.686012 0.642415
0.650189 0.619741
0.684696 0.685339
0.687486  0.66979
0.697036 0.679427
0.666001  0.63869
 0.66685 0.639662
0.680009 0.665107
0.688523 0.682846
0.678224 0.675506
0.690282 0.647325
0.719595 0.720428
0.702359 0.694746
0.637927 0.638444
0.674955 0.667659
0.633309 0.626325
0.711132 0.702625
0.705355 0.696745
0.651685 0.648704
0.676671  0.66356
0.675843 0.646805
0.715733 0.706917
0.697844 0.661762
0.662801 0.640561
0.683458 0.679195
0.688365 0.686513
0.700263 0.692088
0.701353 0.685219
0.671128 0.652508
0.683714 0.659616
0.688448 0.646175
0.689305 0.688249
0.694537 0.694663
0.676169 0.676813
0.681292 0.674262
0.689982 0.653948
0.690584 0.664724
0.671083 0.593349
0.693788 0.658515
0.689257 0.655948
0.691166 0.669584
0.677779 0.679347
0.696395 0.694193
0.700595 0.688431
0.687761  0.67401
0.688273 0.676252
0.672583 0.659777
0.696148 0.691932
0.703195 0.697687
0.684579 0.684203
0.685977 0.685392
0.668631 0.657139
0.701183 0.695935
 0.70738 0.701821
0.677799 0.661646
0.684905 0.673546
0.661985  0.64586
0.701662 0.687438
0.708604 0.708762
0.667764 0.667282
0.676031 0.664545
0.650111 0.650336
0.720825 0.694138
0.706133 0.702447
0.629063 0.589988
0.679269 0.667383
 0.63587 0.566049
0.693288 0.650952
0.742446 0.736646
0.683702 0.674792
 0.68587 0.642743
0.686875 0.652607
0.713147 0.703114
0.666462 0.645575
0.701042 0.697377
0.696272 0.665426
0.653672 0.616047
0.710574 0.675955
0.655759   0.6281
0.709358 0.710174
0.692302 0.676724
0.697272 0.673576
0.696939 0.680327
  0.6919 0.676522
0.697633 0.678812
0.690723 0.662586
0.718023 0.708942
0.675685 0.653999
 0.75652  0.75125
 0.71629 0.703195
0.787139  0.77641
<sz(0) sz(i)> =
           1            1
   -0.239633    -0.242359
   -0.226102    -0.228859
   0.0610322    0.0613896
   0.0590546    0.0620392
  -0.0350333    -0.055162
  -0.0405072   -0.0335162
  -0.0377109   -0.0408438
   0.0146468    0.0271501
  0.00391577    0.0104592
 -0.00524199   -0.0158127
 -0.00833763   -0.0293577
 -0.00610175   -0.0246404
 -0.00523645     0.024299
  0.00323534    0.0239912
 0.000705155   -0.0173067
  -0.0058847   0.00322845
 -0.00428413   -0.0166534
  0.00214933   -0.0211337
  -0.0032972      0.02193
  -0.0072609   0.00175308
  0.00523876  0.000464368
  0.00157758  -0.00235883
 -0.00106703   -0.0161595
 -0.00405456  -0.00774231
 0.000602655   0.00345984
  0.00273403    0.0121878
   0.0024351   0.00666647
 -0.00289782   -0.0110866
 -0.00161591   0.00817841
 -0.00281198    -0.013399
  -0.0060623   -0.0101877
   0.0043413    0.0171431
  0.00064461     0.020996
 -0.00508116  -0.00288759
 -0.00841554   -0.0234985
 -0.00141626   -0.0190525
 -0.00121384   0.00262009
  -0.0044552   0.00183801
  0.00293687  -0.00653062
  0.00124879     0.013009
  0.00933363    0.0135179
  -0.0126877   -0.0155936
 0.000866346   -0.0261788
 0.000839194    0.0133796
 -0.00417629 -0.000862771
  0.00507389    0.0031683
  0.00662889    0.0125508
 -0.00711709    0.0237186
 -0.00285497   -0.0216372
 -0.00853389   -0.0322474
  0.00396971   -0.0185791
-0.000396978    0.0184048
  0.00474484    0.0136927
 -0.00274507   0.00305757
  0.00173999   0.00462719
-0.000642781   0.00966622
 0.000404852   -0.0134908
 -0.00328763   -0.0161655
  0.00156381    0.0112096
 -0.00751189   0.00122283
 -0.00394528  -0.00902347
  0.00170084   0.00419759
  0.00418025   0.00710881
 -0.00732223    -0.010334
 -0.00019728  -0.00558397
   0.0018364  -0.00351608
-0.000480347     0.010871
  0.00597326    0.0105111
 -0.00399881   -0.0176418
 -0.00698504   -0.0141868
 -0.00811106  -0.00196706
  0.00521327    0.0108414
  0.00552437   0.00529595
 -0.00704041   0.00555604
  -0.0022275    0.0204697
 -0.00128756  -0.00160307
 -0.00169355   -0.0314315
 0.000589098   -0.0185969
  -0.0020858    0.0308358
  0.00173594    0.0263891
  0.00176131   0.00456682
-0.000256398   -0.0139624
 -0.00288197   -0.0265712
  0.00161965   -0.0278697
 -0.00161615    0.0116161
 -0.00354572     0.016866
  0.00370791    0.0164093
  0.00120661    0.0243012
 -0.00108301   -0.0253232
 -0.00213705   -0.0235661
  -0.0023808    0.0196855
  0.00310704   -0.0093961
 0.000966921   0.00262683
  0.00437715   -0.0194162
 -0.00375101    0.0105479
  0.00352331  -0.00703894
 -0.00127649    0.0167062
-0.000854175   -0.0207474
  0.00194391 -0.000420468
 -0.00154517    0.0138889
  0.00194179  -0.00842616
 -0.00172162   -0.0113643
 -0.00179504   0.00659973

real    334m34.727s
user    40416m29.706s
sys     6m16.968s

time taskset -c 0-127 ./rbm-matfree-N104-M416-K2-opt -c 128 --model trappedion -h 1 -n 10 -m 400 --tol 1e-5 --reglam-init 0.2 --reglam-cutoff 0.2 --lrate-init 0.01 --load-rbm results/ion3N104M416K2.mat --correlation-data results/ion3corrN104M416K2.mat
Random seed is 3574847568
 -1.6479 -1.64067
-1.64793 -1.64068
-1.64792 -1.64079
-1.64786 -1.64084
-1.64784 -1.64085
-1.64792  -1.6408
 -1.6478 -1.64078
-1.64787  -1.6409
 -1.6479 -1.64073
-1.64794 -1.64086

real    106m45.863s
user    13238m58.066s
sys     1m34.739s
