time taskset -c 0-127 ./rbm-matfree-N104-M416-K2-opt -c 128 --model trappedion -h 1 -n 100 -m 400 --tol 1e-5 --reglam-init 40 --reglam-decay 0.9 --reglam-cutoff 0.2
Random seed is 1656926231
-0.984935  -0.97057
 -1.0959 -1.08023
-1.36655 -1.34842
-1.43736 -1.43156
-1.48211 -1.47729
 -1.5121 -1.50771
-1.53384 -1.52916
-1.55143 -1.54681
-1.56476 -1.56093
-1.57768 -1.57326
-1.58711 -1.58247
-1.59585 -1.59114
 -1.6029 -1.59815
-1.60889 -1.60393
 -1.6147 -1.60954
-1.61941 -1.61363
 -1.6235 -1.61758
 -1.627 -1.6212
-1.63041 -1.62426
-1.63311 -1.62648
-1.63543 -1.62874
-1.63727 -1.63023
-1.63912 -1.63177
-1.64047 -1.63324
-1.64135 -1.63436
-1.64255 -1.63537
-1.64352 -1.63605
-1.64421 -1.63682
-1.64447 -1.63719
-1.64527 -1.63774
-1.64561 -1.63815
  -1.646 -1.63833
-1.64625 -1.63858
-1.64656 -1.63904
-1.64668   -1.639
-1.64676 -1.63917
-1.64699 -1.63943
-1.64716 -1.63951
-1.64724 -1.63941
-1.64727 -1.63955
-1.64742 -1.63976
-1.64737 -1.63985
 -1.6475 -1.64001
 -1.6475 -1.63988
-1.64763 -1.63994
-1.64752  -1.6401
-1.64759 -1.64004
-1.64757  -1.6401
-1.64763 -1.64013
-1.64763 -1.64006
 -1.6476 -1.64014
-1.64762 -1.64022
-1.64781 -1.64018
-1.64767 -1.64017
-1.64787 -1.64029
-1.64772 -1.64022
-1.64768 -1.64028
-1.64779 -1.64015
-1.64782 -1.64044
 -1.6477 -1.64038
-1.64778 -1.64025
-1.64768 -1.64039
-1.64784 -1.64048
-1.64784 -1.64035
-1.64794 -1.64029
-1.64788  -1.6405
-1.64771 -1.64031
-1.64793 -1.64057
-1.64774 -1.64046
 -1.6479 -1.64056
-1.64768 -1.64066
-1.64792  -1.6406
-1.64785 -1.64066
-1.64782 -1.64063
-1.64787 -1.64053
-1.64777 -1.64067
-1.64791 -1.64073
-1.64794 -1.64072
-1.64786 -1.64077
-1.64783 -1.64075
-1.64788 -1.64067
-1.64786 -1.64068
 -1.6478 -1.64069
-1.64786 -1.64085
-1.64789  -1.6409
-1.64786 -1.64085
-1.64784 -1.64096
-1.64792 -1.64085
  -1.648 -1.64103
-1.64783   -1.641
-1.64781 -1.64074
-1.64786 -1.64081
-1.64783 -1.64087
-1.64786 -1.64109
-1.64802 -1.64105
-1.64778 -1.64104
-1.64799 -1.64115
-1.64795 -1.64102
-1.64802  -1.6411
-1.64783 -1.64109
<sx(0) sx(i)> =
       1        1
0.788265 0.787594
0.784891 0.781676
0.704931 0.710907
0.705404 0.699616
0.677292 0.684061
0.726151 0.729497
0.724566 0.693057
0.690821 0.696981
0.638801 0.569621
0.685611 0.686228
0.707704  0.66752
0.657415 0.543434
0.686233 0.654765
0.648161 0.529928
0.682315 0.655317
0.691219 0.658257
0.699968 0.707917
0.667071 0.580522
0.673614  0.60044
0.680541 0.674114
0.686054 0.683971
0.679941  0.65661
0.689754 0.649244
0.728007 0.729637
0.694789 0.687264
0.639818 0.646818
0.673713 0.657046
0.639102 0.632404
0.718501  0.71099
 0.70193 0.694975
0.653855 0.636103
 0.66827  0.66019
0.679296 0.660798
0.711977 0.715282
0.695993 0.698845
0.665176 0.651107
0.681801 0.676972
0.686087 0.683016
0.700004 0.699848
0.699401 0.700742
0.672898 0.671874
0.687718 0.688051
0.686286  0.69023
0.699906 0.697848
0.698485 0.697882
0.674932 0.674502
0.687785 0.681106
0.689391 0.687121
0.693968 0.696161
0.676057 0.686437
0.696449 0.696691
0.685956 0.667592
0.692464 0.668786
0.678632 0.663008
0.698446 0.672877
0.696329 0.681522
0.692639 0.689527
0.688081 0.685349
0.676628 0.632736
0.695581 0.648037
0.702608 0.659512
0.692728 0.676231
0.684719 0.678756
0.672921 0.670542
0.698328 0.679809
0.707191 0.696646
0.679295 0.635929
0.683479 0.637846
0.662035 0.637958
0.697532 0.700277
0.717888 0.714727
0.674392 0.675734
 0.67688 0.679233
0.653402 0.631605
0.714827 0.711723
0.710226 0.699921
0.628658 0.625206
0.680552 0.669166
0.640135 0.636459
0.703914 0.696742
0.737029 0.735408
0.688645 0.678156
0.688444 0.688521
0.687162 0.684298
0.713581 0.714972
0.663418 0.653746
0.693054 0.685968
0.697526 0.699053
0.655029 0.653046
0.707368 0.713378
0.653152 0.644883
0.708383  0.70623
0.691001 0.677194
0.702595 0.699139
 0.69674 0.690334
0.690399 0.684194
0.696277 0.701871
0.689372 0.690819
0.719544  0.71748
0.677074 0.676296
0.756199 0.757145
0.716921 0.715984
0.789878 0.791265
<sz(0) sz(i)> =
           1            1
   -0.238679    -0.236906
   -0.225172    -0.224554
   0.0657796    0.0632438
   0.0485326    0.0556081
  -0.0395568   -0.0428651
  -0.0378906   -0.0323829
  -0.0349021   -0.0471292
   0.0154015     0.020536
 -0.00195141    0.0193342
 -0.00502017  -0.00568295
  -0.0145303   -0.0254306
  -0.0139343   -0.0322766
  0.00916394    0.0123595
  0.00994924     0.026457
 -0.00800443   -0.0245737
 -0.00296354   0.00929166
 -0.00838107  -0.00782987
 -0.00726591   -0.0206638
   0.0059587    0.0202913
  0.00123818   -0.0117851
 -0.00100489 -0.000401361
  0.00155089   0.00364442
 0.000235957   -0.0163688
  -0.0144183   -0.0021442
  0.00183846  -0.00129158
 0.000467516  -0.00386595
 -0.00449044    0.0140608
  0.00402759   0.00222241
 0.000988678  -0.00227774
 -0.00338046  -0.00548673
 -0.00867201   -0.0168749
  0.00890538    0.0108602
  0.00321623   0.00928377
 -0.00482875  -0.00317906
 -0.00841118   -0.0125654
 -0.00723958  -0.00233074
-0.000328316   0.00235957
  0.00859766   0.00659766
 -0.00244765   -0.0036461
  0.00046829  0.000391085
 -0.00747954  -0.00724703
  0.00705926 -0.000731136
    0.002879   0.00864443
 -0.00139752  -0.00176655
 -0.00268071  -0.00493647
 -0.00664237  -0.00972482
 -0.00210455   0.00765142
  0.00814637   0.00763488
 -0.00660235  -0.00871015
-0.000780182   0.00402237
-0.000288418   0.00216342
 -0.00848747   -0.0163172
 -0.00787328   -0.0152517
 -0.00341171   0.00919296
  0.00152545    0.0109745
 -0.00270304    0.0055546
 -0.00389981 -0.000162686
    0.006336   0.00475775
 -0.00698354   -0.0146571
-0.000573225   -0.0130987
  -0.0050053   -0.0124166
  0.00397157   0.00216124
   0.0053695   0.00158363
 -0.00298696   0.00271352
 -0.00135897     0.012609
  0.00534067    0.0064562
 -0.00142703   -0.0131433
  -0.0028042   -0.0137974
  0.00108131   0.00895775
-0.000332808    0.0020125
-0.000270849   0.00155991
  0.00448206   0.00122107
-0.000817325    0.0054267
 -0.00337661  -0.00674058
 -0.00160927   0.00254677
 -0.00595903   -0.0136894
   0.0049601  -0.00382728
-0.000985475   0.00614172
  0.00657493   0.00295632
 -0.00132606   0.00952919
  -0.0099068   -0.0129838
  0.00128003   -0.0131941
 0.000881739   0.00431357
 -0.00395427  -0.00467854
  0.00180649   0.00694351
 -0.00768123    0.0124859
   0.0113451  -0.00228257
  0.00236316   0.00478528
 0.000318807  -0.00762349
 -0.00491679   0.00128398
 -0.00130765    0.0061514
 -0.00460252  -0.00719435
 -0.00232135  -0.00131146
   0.0040265   -0.0102765
 -0.00225096    0.0078369
-0.000226262    0.0079997
 -0.00437895  -0.00316011
  0.00501325  -0.00880231
  0.00437305  -0.00824023
 -0.00953139   0.00554701
 -0.00264748  -0.00465721
  0.00150679  -0.00138961
 -0.00850637  -0.00223582

real    613m36.711s
user    73651m21.326s
sys     15m30.933s
