time taskset -c 0-127 ./rbm-matfree-N128-M512-K2-opt -c 128 --model trappedion -h 2 -n 100 -m 400 --tol 1e-5 --reglam-init 40 --reglam-decay 0.9 --reglam-cutoff 0.2
Random seed is 4268247134
-1.94222 -1.91593
-1.96063 -1.88116
-2.28301 -2.25605
-2.37973 -2.35102
 -2.4174 -2.39273
-2.43829 -2.41425
-2.45343 -2.43066
-2.46452 -2.44202
-2.47316 -2.45054
-2.47971 -2.45757
-2.48485 -2.46276
-2.48906 -2.46729
-2.49257 -2.47105
-2.49535 -2.47375
-2.49731 -2.47595
-2.49911 -2.47801
-2.50053 -2.47956
-2.50148 -2.48065
-2.50226 -2.48155
-2.50296 -2.48259
-2.50339 -2.48314
-2.50387 -2.48372
-2.50406 -2.48402
-2.50425 -2.48435
-2.50441 -2.48453
-2.50458  -2.4848
-2.50474 -2.48499
-2.50472 -2.48507
-2.50486 -2.48505
-2.50482 -2.48521
-2.50483 -2.48526
-2.50481 -2.48528
-2.50485 -2.48533
-2.50483 -2.48538
-2.5049 -2.4853
-2.50507 -2.48548
-2.50499 -2.48549
-2.50505 -2.48555
-2.50492 -2.48551
-2.50499 -2.48555
 -2.5049 -2.48557
-2.50494 -2.48559
-2.50491 -2.48564
-2.50499 -2.48555
-2.50488 -2.48559
-2.50501 -2.48574
-2.50497 -2.48579
-2.50496  -2.4857
-2.50491 -2.48578
 -2.5049 -2.48565
-2.50503 -2.48579
-2.50488 -2.48577
-2.50493 -2.48575
-2.50489 -2.48582
-2.50498 -2.48591
-2.50491 -2.48589
-2.50488 -2.48584
-2.50499 -2.48607
-2.50493 -2.48602
-2.50485 -2.48598
-2.50498 -2.48609
-2.50495  -2.4861
-2.50498 -2.48609
Converged after 63 steps.
<sx(0) sx(i)> =
       1        1
 0.92515 0.921387
0.909915 0.909275
0.857679 0.856523
0.865124 0.861497
0.869153 0.864717
0.858211 0.857189
 0.86735 0.864401
0.864176 0.863483
0.845176 0.833402
0.863841 0.868384
0.839142 0.825256
0.861107  0.85636
0.843395 0.846172
0.843257 0.829777
0.863352 0.864702
0.861833 0.859394
0.850285  0.84195
0.842948 0.834071
0.863257 0.864471
0.866224 0.857881
0.832765 0.803875
0.844656 0.842849
0.829291 0.800679
0.860591 0.847614
0.860221 0.860841
0.838931  0.84009
0.843009 0.808162
 0.84301 0.829984
0.856331 0.797682
 0.85506 0.835586
0.839176 0.807219
0.840655 0.846536
0.846824 0.837408
0.854406 0.808575
0.842316 0.824971
0.856769  0.83825
0.842871  0.81549
0.843293 0.798427
0.848858 0.824396
0.840765 0.840757
0.858268 0.856933
0.844799 0.807173
0.838536 0.812921
0.843167 0.838104
0.838613 0.820408
0.856519 0.853543
0.833985 0.818396
0.841032 0.807914
0.834922 0.802261
0.847231 0.845982
0.853997 0.857277
0.824702 0.805533
0.843025 0.824864
0.830841 0.758991
0.845716  0.83509
0.828958 0.789075
0.840814 0.831996
0.856248 0.840685
0.827118  0.74843
0.853025 0.851287
0.839735 0.839354
0.822765 0.808621
 0.85581 0.841099
 0.82777  0.83044
0.838548 0.811438
0.840758 0.842327
0.835002 0.801822
0.865806 0.865979
0.852451  0.84785
0.840808 0.836612
0.821794 0.806425
0.840308 0.846205
0.824668  0.82669
0.856991  0.84334
0.849639 0.824313
0.836763 0.834704
0.842925 0.840404
0.842854 0.838891
0.846438 0.822872
 0.84383 0.844256
0.848572 0.825353
0.843336  0.84068
0.843334 0.810519
0.848709 0.816663
0.846147 0.829881
0.846857 0.839142
0.842915 0.845835
0.842191 0.818602
0.854133 0.842863
0.843937 0.825405
0.851666 0.853716
 0.84564 0.833518
0.844913 0.840655
 0.84293  0.83307
0.857577 0.855747
0.850596 0.850415
0.845228 0.836523
0.843811 0.847921
0.840441 0.837449
0.854538 0.850807
0.868505 0.867649
0.831779 0.811656
 0.84764 0.821735
0.830267 0.823792
0.860185 0.852525
0.860758 0.842551
0.845599 0.832003
0.846886  0.83227
0.853593 0.842998
0.857207 0.855134
0.844902 0.831822
0.850233 0.817107
0.857004 0.835624
 0.86974 0.872127
0.845574 0.846516
0.836255 0.830884
0.858973 0.843126
0.852493 0.851146
0.865431 0.861167
 0.86326 0.859968
0.846886 0.848428
0.860605 0.857395
0.859078 0.860003
0.855473 0.856976
0.866703 0.869442
0.862337 0.863162
0.900696 0.900722
<sz(0) sz(i)> =
           1            1
   -0.217065    -0.206528
   -0.159849    -0.162338
    0.019815      0.02081
  -0.0113782   -0.0109265
   -0.011613   -0.0237776
  -0.0134147  -0.00482744
  -0.0111802    -0.015187
     -0.0107  -0.00707347
  -0.0100938  -0.00416404
 -0.00119453  -0.00431328
 -0.00428382  -0.00438806
 -0.00496117    -0.010117
  0.00164374  -0.00414374
 -0.00655339 -0.000360672
 -0.00942331  -0.00807669
 -0.00594872  -0.00248878
  -0.0016146   0.00649741
  0.00143961   0.00227133
   0.0045154  -0.00322634
 -0.00122259   -0.0026446
 -0.00689111  -0.00228858
 0.000437627   0.00460144
  0.00340256  -0.00230881
   -0.010599  -0.00471353
 -0.00954201  -0.00182518
 -0.00733123   0.00498748
-0.000141099  -0.00247609
   0.0100948   0.00459273
  -0.0081545  -0.00364237
 0.000723775  -0.00810659
-0.000183543   0.00213667
 -0.00252757  6.66281e-05
-0.000833366 -0.000846322
  0.00465561   -0.0032103
  0.00664132    0.0031243
 -0.00590877  -0.00975529
  -0.0018323   -0.0081677
   0.0023204   0.00197648
 -0.00340411   0.00164629
  0.00478096   -0.0066169
 -0.00663019   0.00229426
  0.00283316   0.00525277
 -0.00559957  0.000208942
 -0.00238865 -0.000306664
-0.000434083   0.00578565
 -0.00548164    0.0052082
  0.00507498   0.00156565
 -0.00058704  0.000157353
 -0.00116214  -0.00672848
 -0.00147424  -0.00231482
  0.00596595    0.0038778
 0.000743117  -0.00339937
-0.000756974  -0.00131334
 -0.00288313  0.000383133
 -0.00287771  0.000768333
 -0.00362419  0.000108569
  0.00246388  -0.00199513
 -0.00721874   0.00186718
  0.00778086   0.00190664
  0.00512522  -0.00344554
  0.00300831  -0.00148488
 -0.00245375  0.000930317
  0.00665939 -1.87607e-05
  -0.0125369  -0.00285374
  0.00137971   0.00455779
 -0.00251893  -0.00658264
  0.00124662  3.38014e-06
 0.000905934  -0.00598406
 -0.00184424  -0.00135889
 0.000220918  -0.00174436
   0.0028098   0.00328395
 -0.00496006   0.00152256
  0.00495582  -0.00499488
  0.00572938  -0.00600282
  0.00162115  0.000996041
-0.000490598  -0.00911878
  0.00404395  -0.00244239
  -0.0053134  -0.00152254
 -0.00727224   0.00250661
 0.000545285   0.00132972
 -0.00184524  0.000868681
   0.0022403  -0.00688873
-0.000551363   0.00355918
  0.00128412   0.00664557
 -0.00273986   0.00340392
-0.000565696   -0.0022468
 -0.00606509   0.00106509
   0.0096022  -0.00432876
  0.00148617  -0.00351742
  0.00277232  -0.00312388
 -0.00754872   -0.0126075
-0.000639815  -0.00596175
   0.0063327    0.0052298
 -0.00837987 -9.66924e-05
 0.000591484  -0.00285711
 0.000196813   0.00777194
  0.00297779   0.00237377
 -0.00124899   0.00484274
 -0.00355154  -0.00144846
 -0.00317288  -0.00795993
 -0.00572539  -0.00185273
  -0.0065961   0.00464298
    -0.00107  -0.00693781
   0.0058286  -0.00106298
-0.000340359  -0.00309714
  0.00449232  -0.00414076
-0.000647441  -0.00138381
 -0.00886825   0.00332137
 -0.00141687   0.00672937
  0.00420284   0.00091435
  0.00153957  -0.00884426
 0.000589013  -0.00140933
  0.00210834   0.00152447
 -0.00708295   -0.0068233
  0.00178221  0.000795919
  0.00126478   0.00752428
 -0.00178667   0.00213823
 -0.00158453  -0.00407954
 -0.00262004  0.000120039
   -0.003762 -0.000534878
  0.00135948   0.00266396
  0.00133023  -0.00703335
 -0.00589861  -0.00417951
   0.0031706   0.00604815
 -0.00432676  -0.00274355
-0.000829248   -0.0110067
  0.00155698    0.0111383

real    2234m33.668s
user    234841m28.980s
sys     49m9.918s
