taskset -c 0-127 ./rbm-matfree-N40-M160-K2-opt  -c 128 --model trappedion -h 1 -n 100 -m 400  --tol 1e-5 --reglam-init 4 --reglam-cutoff 0.2
Random seed is 1157670274
-0.984071 -0.870578
-1.35383 -1.26537
-1.49103 -1.45779
-1.53304 -1.50548
-1.55451 -1.52879
 -1.5685 -1.54287
-1.57752 -1.55201
-1.58358 -1.55832
-1.58779 -1.56275
-1.59078  -1.5655
-1.59282 -1.56762
-1.59456 -1.56958
-1.59579 -1.57079
-1.59649 -1.57199
-1.59708 -1.57263
-1.59743  -1.5731
-1.59815 -1.57404
-1.59819 -1.57445
-1.59819 -1.57454
-1.59879 -1.57509
-1.59895 -1.57548
-1.59897 -1.57583
-1.59899 -1.57611
-1.59909 -1.57649
 -1.5991 -1.57656
-1.59903 -1.57658
-1.59914 -1.57684
-1.59934 -1.57741
-1.59945  -1.5775
-1.59951 -1.57783
-1.59962 -1.57784
-1.59947 -1.57817
-1.59958 -1.57834
-1.59957 -1.57848
-1.59967 -1.57867
-1.5997  -1.579
-1.59992 -1.57936
-1.59965 -1.57912
-1.59975 -1.57944
-1.59941 -1.57963
-1.59988 -1.57996
-1.59959 -1.57975
-1.59978 -1.57999
-1.59989 -1.58036
-1.59955 -1.58044
-1.59986 -1.58045
-1.59983 -1.58059
-1.59973 -1.58038
-1.59991 -1.58086
-1.59984 -1.58081
-1.59999  -1.5812
-1.59992 -1.58117
-1.59996 -1.58129
-1.59991 -1.58135
-1.59997 -1.58159
   -1.6 -1.5815
-1.60008 -1.58153
-1.60013 -1.58185
-1.59996 -1.58162
-1.60014 -1.58176
-1.59995 -1.58194
-1.60007  -1.5821
-1.59988  -1.5822
-1.60001 -1.58215
-1.60002 -1.58228
-1.59992 -1.58217
-1.60006 -1.58241
    -1.6 -1.58253
-1.60014 -1.58253
    -1.6 -1.58255
-1.60007 -1.58271
-1.60007  -1.5826
-1.60003 -1.58281
-1.60001 -1.58287
-1.59987 -1.58284
-1.59988 -1.58282
-1.60012 -1.58293
 -1.6002 -1.58309
-1.59997 -1.58289
-1.60017 -1.58319
-1.60015 -1.58326
-1.60002   -1.583
-1.60006 -1.58307
-1.60023 -1.58317
-1.60026 -1.58343
-1.59991 -1.58317
-1.60012 -1.58323
-1.59997 -1.58336
-1.60002 -1.58333
-1.60018 -1.58333
-1.60008 -1.58342
-1.60032 -1.58371
-1.59991 -1.58343
-1.59992 -1.58368
-1.60009 -1.58362
-1.60024 -1.58363
-1.60007 -1.58354
-1.60026  -1.5838
-1.60024 -1.58387
-1.60014 -1.58394
<sx(0) sx(i)> =
       1        1
0.884034 0.871851
0.641109 0.642168
0.663422 0.655776
0.640476 0.635745
0.628392 0.615725
0.583284 0.564947
0.654867 0.650359
0.618898 0.604085
0.611352 0.603907
0.669787  0.67017
0.642849 0.631634
0.631217 0.633469
0.645979 0.643431
0.646823 0.640384
0.638435 0.638253
0.637537 0.638217
0.641103  0.63232
0.636025 0.631544
0.638605 0.630351
0.640543 0.618323
0.639333  0.62624
 0.64736 0.642726
0.643559 0.617773
0.641318 0.594911
0.653673 0.640944
0.653805 0.630614
0.634626 0.574776
0.642947 0.593416
0.676452 0.675168
0.615992 0.544841
0.616027 0.438863
0.648645 0.563041
0.583166 0.380457
0.625196 0.618102
0.638348 0.449177
0.658346 0.666695
0.644292 0.494209
0.608504 0.528202
 0.69117 0.654822
<sz(0) sz(i)> =
          1           1
  -0.530592     -0.5289
    0.12854    0.125288
  0.0364585   0.0518228
   -0.11697   -0.117366
  -0.024443  -0.0440727
   0.067281   0.0818596
  -0.025075    -0.01805
 -0.0576976  -0.0669899
  0.0158651  0.00468176
  -0.015178  -0.0063064
  0.0161274   0.0298101
 -0.0107578 -0.00740623
 0.00797535 -0.00668629
 -0.0102287  -0.0248494
-0.00509676 0.000878006
 -0.0107299  0.00748767
-0.00430561     0.01579
 0.00189753 -0.00498347
-0.00112655  -0.0200844
-0.00530876  -0.0243787
-0.00100534   0.0217085
0.000245572  0.00073099
 0.00180866   0.0149882
 0.00163946  -0.0291395
-0.00653696    0.014076
-0.00605114  -0.0122692
 0.00544724   0.0290059
-0.00833367  -0.0422913
0.000810699 -0.00432632
0.000953898  -0.0170476
 0.00862766   0.0488723
 -0.0060792   0.0254542
 -0.0110519  -0.0507449
0.000703005 -0.00398426
 0.00330156   0.0400188
-0.00574069 -0.00175931
-0.00581996  -0.0376566
 0.00681655   0.0284569
-0.00666697  -0.0184502
