time taskset -c 0-127 ./rbm-matfree-N104-M416-K2-opt -c 128 --model trappedion -h 1 -n 100 -m 400 --tol 1e-5 --reglam-init 40 --reglam-cutoff 0.2 --dump-rbm ion2
Random seed is 2310764288
-0.974811   -0.9513
 -1.08178 -0.933465
-1.33929 -1.32624
-1.43585  -1.4289
-1.48146  -1.4767
-1.51327 -1.50731
-1.53617 -1.53081
-1.55434 -1.54959
-1.56827 -1.56325
-1.58034  -1.5751
-1.59054 -1.58504
-1.59898 -1.59352
-1.60589 -1.59974
  -1.612 -1.60615
-1.61781 -1.61141
-1.62199 -1.61548
-1.62582 -1.61893
-1.62964 -1.62249
-1.63237 -1.62533
-1.63504 -1.62747
-1.63682 -1.62937
-1.63892 -1.63117
-1.64057 -1.63263
-1.6416 -1.6337
-1.64271 -1.63493
-1.64342 -1.63563
-1.64409 -1.63638
-1.64475 -1.63693
-1.64516 -1.63748
-1.64552 -1.63792
-1.64612 -1.63817
-1.64637 -1.63843
-1.64645 -1.63891
-1.64677 -1.63899
-1.64692 -1.63899
-1.64694 -1.63928
-1.64721  -1.6393
-1.64729 -1.63945
-1.64737 -1.63955
-1.64733  -1.6397
-1.64755 -1.63976
-1.64737 -1.63974
-1.64747 -1.63989
 -1.6476 -1.63983
-1.64776 -1.63997
-1.64762 -1.63996
-1.64767 -1.64003
-1.64754 -1.64011
 -1.6476 -1.64007
-1.64766 -1.64007
-1.64778 -1.64022
-1.64767 -1.64013
-1.64793 -1.64018
-1.64774 -1.64011
-1.64764 -1.64017
-1.64787 -1.64017
-1.64778 -1.64016
-1.64766 -1.64028
-1.64775 -1.64029
 -1.6477 -1.64028
-1.64775 -1.64025
-1.64772 -1.64043
-1.64788 -1.64037
-1.64785 -1.64034
 -1.6478 -1.64049
-1.64783 -1.64039
-1.64789 -1.64055
-1.64779 -1.64038
-1.64773 -1.64039
-1.64778  -1.6404
-1.64809 -1.64054
-1.64782 -1.64054
-1.64782 -1.64052
-1.64779 -1.64048
-1.64777 -1.64055
-1.64794 -1.64069
-1.64773 -1.64052
 -1.6478 -1.64056
-1.64791 -1.64058
-1.64786 -1.64061
-1.64784 -1.64076
-1.64784 -1.64064
-1.64791 -1.64053
 -1.6479 -1.64076
-1.64792 -1.64078
-1.64778  -1.6408
-1.64788 -1.64072
-1.64786  -1.6408
-1.64786 -1.64081
-1.64779 -1.64074
-1.64781 -1.64065
-1.64774 -1.64062
-1.64776 -1.64069
-1.64791 -1.64075
-1.64797  -1.6408
  -1.648 -1.64081
-1.64788  -1.6406
-1.64795 -1.64078
-1.64788 -1.64084
-1.64785 -1.64079
<sx(0) sx(i)> =
       1        1
0.789109 0.774989
0.786782 0.780447
0.704528 0.691518
0.711701 0.712203
0.677527 0.610994
0.728441 0.732963
0.718922 0.673025
0.688577 0.626076
0.636549 0.564528
0.680706 0.648719
0.717755 0.715524
0.672789 0.631834
0.684753 0.666964
0.658057 0.660338
0.686508 0.684459
 0.70369 0.688394
0.702444 0.688519
0.676507 0.676727
0.672079 0.669711
0.683583 0.679445
0.692976  0.67673
0.683768 0.661409
0.693014 0.697069
0.724321 0.718103
0.700952 0.680379
0.643215 0.546475
0.676962 0.582232
0.638161   0.4933
0.715952 0.671825
 0.71259 0.708073
0.654692 0.574938
0.678416 0.679504
0.683884 0.683488
0.717052 0.718032
0.697516 0.693739
0.668728 0.666302
0.687903 0.678452
0.687607 0.681055
0.702891 0.700815
0.694808 0.693198
0.675246 0.674662
0.696495 0.674934
0.686693 0.666309
0.699372 0.694318
0.695899 0.682201
0.679186 0.657586
0.693148 0.691726
0.692078 0.685253
0.693777  0.69234
0.675905 0.652814
 0.69863 0.676841
0.686444 0.672723
0.688316 0.665139
0.677531  0.68029
0.697495 0.696557
0.698432 0.698166
0.692726 0.680587
0.683944 0.662322
 0.67745 0.650091
 0.70008 0.685682
0.703033 0.695387
0.692437 0.684683
0.683373 0.685059
0.670596 0.665402
0.702172 0.703035
0.709084 0.700778
0.690907  0.66504
0.681671 0.677193
 0.66576 0.649645
0.702969 0.693946
0.718124 0.720142
0.675628 0.673235
0.680319 0.674265
0.649957 0.651077
0.713539 0.717272
0.708143  0.70537
0.627295 0.629067
0.680929 0.679406
 0.63537 0.640667
0.700695 0.696318
0.741771 0.736335
0.688699 0.672829
0.694793 0.691068
0.691458 0.691544
0.719196 0.714165
0.666734 0.663696
0.698445 0.691518
0.703433 0.694595
0.657195  0.65998
0.713046 0.708823
0.658078 0.657859
0.713529 0.710579
0.689558   0.6861
0.700723 0.695992
0.701268 0.692335
0.694886 0.689902
0.705148 0.699115
0.697034 0.684005
0.721484  0.71505
0.677864 0.670318
0.758241  0.76229
 0.72136 0.719865
0.791261 0.793934
<sz(0) sz(i)> =
           1            1
   -0.234664    -0.239672
   -0.223975    -0.219697
   0.0600407    0.0717562
   0.0482232    0.0407612
  -0.0363632   -0.0480899
   -0.037398   -0.0351411
  -0.0295816   -0.0102231
   0.0183735    0.0258843
  0.00661083   -0.0132515
 0.000753581  -0.00571452
  -0.0166124   -0.0202235
  -0.0168002   0.00457359
  -0.0022897  -0.00798374
   0.0103214  -0.00348546
 -0.00141797   0.00559766
  -0.0103433   -0.0178989
  -0.0111538  -0.00658056
 -0.00363487   0.00355675
 -0.00160862  -0.00995388
 -0.00395187     0.004655
   0.0034726   0.00301177
 0.000208187    0.0122137
 -0.00396692   0.00217004
 -0.00414519   -0.0169486
 -0.00995403    -0.021335
 -0.00799859    -0.023603
  0.00562727    0.0275759
  0.00902801    0.0335501
 -0.00620638   -0.0263327
  0.00070239   -0.0096477
 -0.00849363   -0.0277564
 -0.00445251    0.0111322
 -0.00112727   0.00304133
  -0.0103791  -0.00876152
  0.00609103   0.00461209
  0.00320836   0.00292445
-0.000522528  -0.00701653
 -0.00635376  -0.00919311
  0.00242492   0.00198915
   0.0037176  -0.00195979
 -0.00212524  -0.00459351
  0.00483591   0.00860159
  0.00406776   0.00698693
 -0.00546305   -0.0104745
  -0.0113316  -0.00839494
 -0.00598261   -0.0067127
-0.000541934   0.00491693
 -0.00125533   0.00352095
 -0.00492485   -0.0052314
 -0.00099505    0.0061513
 0.000817827   0.00722905
 -0.00111849   -0.0105221
  0.00207403  -0.00609747
 -0.00339984  -0.00499859
-0.000884729   0.00928317
  -0.0026238  -0.00335276
  0.00749401   0.00918568
 -0.00312943   0.00836381
 -0.00296036   -0.0178599
 -0.00176648   -0.0127648
 -0.00487823   0.00222198
 -0.00631935   0.00358497
 -0.00433717 -0.000311263
  0.00525577   0.00267392
-0.000365136  -0.00174424
  0.00801065   0.00335654
 -0.00447911  -0.00860683
 -0.00259884  -0.00380741
  0.00558108   0.00484861
 -0.00258352   0.00184133
 -0.00285492  -0.00960602
 -0.00223288  -0.00182962
 0.000273477 -0.000156289
  -0.0027853   0.00098843
 -0.00339234  0.000657961
 -0.00407275  0.000752439
  0.00153105  0.000656451
 0.000674699  -0.00528407
-0.000677607  -0.00143177
 -0.00218055   0.00182899
 -0.00373869  -0.00180819
-5.39795e-05   0.00243679
  0.00170884   0.00430678
   0.0010856 -0.000421533
  -0.0018212  -0.00372567
   0.0051968  -0.00882962
 0.000115082   0.00566617
 -0.00555837    0.0109881
-0.000936575   0.00617095
 -0.00417141   -0.0116098
-0.000288199   0.00235851
   0.0022969  -0.00921096
 0.000126543   0.00350627
 -0.00458111  -0.00545795
 -0.00303234   0.00658702
   0.0135167  -0.00429793
 -0.00507264   0.00507264
  0.00208425   -0.0130608
  -0.0133347  -0.00775906
   0.0102213    0.0097787
  0.00230102  -0.00401977
  0.00463051  -0.00338051
  -0.0121826    -0.010083

real    610m8.397s
user    73709m5.613s
sys     16m7.449s

time taskset -c 0-127 ./rbm-matfree-N104-M416-K2-opt -c 128 --model trappedion -h 1 -n 10 -m 400 --tol 1e-5 --reglam-init 0.2 --reglam-cutoff 0.2 --lrate-init 0.01 --load-rbm results/ion2N104M416K2.mat --correlation-data results/ion2corrN104M416K2.mat
Random seed is 1251907682
 -1.6479 -1.64081
-1.64796 -1.64085
-1.64791 -1.64081
-1.64803 -1.64094
-1.64803 -1.64077
-1.64787 -1.64086
-1.64778 -1.64084
-1.64782 -1.64085
-1.64795 -1.64099
-1.64781 -1.64086

real    113m19.233s
user    13079m27.745s
sys     1m59.578s
