taskset -c 0-127 ./rbm-matfree-N112-M448-K2-opt  -c 128 --model trappedion -h 1 -n 100 -m 400  --tol 1e-8 --reglam-init 40 --reglam-cutoff 0.2
Random seed is 2582267852
-0.977782  -0.94985
-0.998735 -0.733669
-1.32675  -1.2663
 -1.4327 -1.42282
-1.48191 -1.47519
-1.51486 -1.50798
-1.53799  -1.5318
 -1.5565 -1.55086
 -1.5713 -1.56511
-1.58314 -1.57741
-1.59369 -1.58789
-1.60229 -1.59699
-1.60972 -1.60388
 -1.6162 -1.61031
 -1.6211 -1.61576
 -1.6257 -1.62023
-1.62929 -1.62386
-1.63291 -1.62754
-1.63549  -1.6302
-1.63784 -1.63264
-1.64015 -1.63478
-1.64187 -1.63651
-1.64327 -1.63796
-1.64459 -1.63927
-1.64541 -1.64016
-1.64657 -1.64127
-1.64715 -1.64187
-1.64787 -1.64252
-1.64839 -1.64302
 -1.6488 -1.64354
-1.64919 -1.64398
-1.64945  -1.6443
-1.64967 -1.64448
-1.64989 -1.64481
-1.65003 -1.64491
-1.65014 -1.64513
-1.6504 -1.6454
-1.65039 -1.64539
 -1.6506 -1.64559
-1.65047 -1.64561
-1.65061 -1.64559
 -1.6507 -1.64579
-1.65078 -1.64586
-1.65084 -1.64583
-1.65086 -1.64612
-1.65072 -1.64583
-1.65089 -1.64601
-1.65086 -1.64617
-1.65101 -1.64614
-1.65091 -1.64625
-1.65097 -1.64627
  -1.651 -1.64624
  -1.651 -1.64643
  -1.651 -1.64636
-1.65099 -1.64648
-1.65099  -1.6465
-1.65104 -1.64637
-1.65095 -1.64651
-1.65108 -1.64652
  -1.651 -1.64667
-1.65109 -1.64669
-1.65105 -1.64655
-1.65106 -1.64669
-1.65107 -1.64672
 -1.6511 -1.64679
-1.65119 -1.64685
-1.65109 -1.64698
 -1.6512 -1.64697
-1.65107 -1.64695
-1.65102 -1.64683
-1.65091 -1.64698
-1.65111 -1.64706
-1.65114 -1.64706
-1.65116 -1.64702
-1.65123 -1.64718
 -1.6511 -1.64712
-1.65114 -1.64721
-1.65094 -1.64731
 -1.6512 -1.64721
-1.65121 -1.64728
-1.65115 -1.64708
-1.65112 -1.64734
-1.65115 -1.64725
-1.65119 -1.64729
-1.65116 -1.64729
-1.65118 -1.64733
-1.65104 -1.64731
 -1.6512 -1.64755
-1.65117  -1.6473
-1.65108 -1.64738
-1.65125 -1.64756
-1.65118 -1.64764
-1.65119 -1.64739
-1.65113  -1.6475
 -1.6511 -1.64738
-1.65119 -1.64766
-1.65125 -1.64761
-1.65129 -1.64749
-1.65124 -1.64765
 -1.6512 -1.64761
<sx(0) sx(i)> =
       1        1
0.828611 0.826955
0.788824 0.788166
0.690351 0.684893
0.687667 0.684227
0.670966 0.664112
0.686897 0.689344
0.730857 0.730249
0.697588 0.691211
0.654325 0.647832
0.708234 0.708423
 0.64897  0.64466
0.684693 0.672285
0.671411 0.671919
0.719513 0.716766
0.668794 0.671989
0.651127  0.64472
 0.68397 0.687676
0.664155 0.667877
0.691142 0.687823
0.673227 0.668449
0.677745 0.673769
0.672414 0.668097
0.707744 0.707304
 0.67862 0.673889
 0.62615  0.62306
0.678528 0.677389
0.626049 0.626706
0.707302 0.709477
 0.68654 0.681877
0.660614 0.654292
0.681237 0.677202
0.672884  0.66665
  0.6816 0.679072
0.680472 0.680637
0.669877 0.667965
0.679498 0.659829
0.678705 0.679229
0.671895 0.673161
0.670246 0.662134
0.657303 0.633497
0.674589 0.664335
0.670563  0.67257
0.667084 0.649012
0.671871 0.671476
0.632055 0.550628
0.629612 0.576085
0.660449  0.65997
0.651783 0.638219
0.675629 0.671852
0.617538 0.492833
0.581184 0.444163
0.640904 0.646225
0.618234 0.624414
0.684208 0.680409
 0.60778 0.488534
0.561075 0.411193
0.630711 0.626023
0.581812 0.575232
0.578116 0.494735
0.687848 0.686588
0.619025 0.525952
0.583249 0.539203
0.638484 0.616454
0.620137 0.609235
 0.68498 0.686105
0.635551 0.588339
0.623336 0.572135
0.648492 0.622093
0.659257 0.673688
0.678589 0.683676
0.660457 0.654289
0.653938 0.641786
0.664873 0.651867
0.674448  0.67054
0.678561 0.676641
0.668459  0.67003
0.675784 0.680363
0.668135 0.672644
0.683529 0.677055
0.663662 0.660765
0.707177 0.702662
0.682503 0.681268
0.631435 0.626855
0.678217 0.682361
0.637168  0.63903
0.672513 0.673919
0.704027 0.700792
0.674619 0.677904
 0.66724   0.6703
0.665154 0.665374
 0.66475 0.663413
0.661775 0.661607
0.667609 0.661351
0.672063 0.672765
0.676832 0.673748
0.683422 0.681716
0.657624 0.655237
0.671559 0.674395
0.664776 0.661128
0.688367 0.688414
0.635135 0.631098
0.678573 0.677002
0.677142 0.669356
0.717596 0.720693
0.711292 0.709476
0.659152 0.658906
0.690385 0.688924
0.691138 0.693068
0.698776 0.696416
0.688016 0.690216
0.790175 0.791004
<sz(0) sz(i)> =
           1            1
   -0.335223    -0.341261
   -0.178903    -0.172035
    0.117144     0.122153
 0.000400403  -0.00473634
  -0.0655965   -0.0685832
  -0.0101526   -0.0134021
  -0.0273201   -0.0199846
   0.0205511    0.0273785
  -0.0051599   -0.0114026
 0.000138099  0.000721276
 -0.00045907   0.00444345
  -0.0204446   -0.0290867
  -0.0139447   -0.0038287
 -0.00370025  -0.00661225
  0.00123467  -0.00603935
 -0.00191044    0.0088245
 -0.00753233   0.00323546
 0.000891758  0.000436367
  -0.0021754  -0.00704335
 -0.00836474  -0.00354933
 -0.00139176  -0.00149886
 0.000684513  -0.00658295
  -0.0036953   -0.0022422
  0.00111027  -0.00294621
 -0.00058249   0.00105124
 -0.00368498   0.00618498
  0.00490821   0.00856836
 -0.00813863  -0.00545512
  -0.0161514   -0.0142001
  0.00223929  -0.00762992
   0.0039199  0.000689479
 -0.00179282      0.00316
   0.0030945     0.002843
  0.00355592  -0.00332154
-0.000657408  0.000618346
 -0.00338543  -0.00540363
 0.000709307  -0.00188118
 -0.00195282  -0.00480499
  -0.0025407   0.00683757
 -0.00847558   0.00874902
 0.000859481   0.00742177
  0.00421643  -0.00777112
 -0.00344969   -0.0135034
  0.00376301   -0.0023177
 -0.00804764   -0.0213274
  0.00292619    0.0119957
 -0.00393304  -0.00610603
  0.00470791   0.00865147
  0.00133414   0.00522836
  0.00126222    0.0219409
 -0.00703119   -0.0256641
  -0.0065652   0.00418239
  0.00247303  -0.00262928
  -0.0116654  -0.00540489
 -0.00570325   -0.0265624
   0.0125811    0.0219502
  0.00357264   0.00591954
 -0.00300893  -0.00687388
  -0.0134143   -0.0177575
  0.00489418   0.00659019
  0.00774648    0.0271363
  0.00542166    0.0102424
 -0.00508845  -0.00416937
  0.00310652    0.0126357
  -0.0112669  -0.00599869
-0.000492571    -0.012359
 -0.00437108   -0.0141055
 0.000792334    0.0088561
  0.00017141  -0.00360891
  0.00426826  0.000848932
 0.000495895   0.00454317
  0.00364869    0.0118591
-0.000582578  -0.00617523
 -0.00349404  -0.00697471
 -0.00365909   0.00264346
 -0.00374817   0.00909973
-0.000918337 -5.82254e-05
  -0.0019314  -0.00166235
 -0.00594188   0.00242625
 0.000498786   -0.0078816
  0.00223644  -0.00387707
 0.000773916  -0.00643798
 -0.00438838     0.005404
 -0.00119283   0.00189595
 -0.00418818  -0.00100713
 -0.00357394  -0.00365262
 4.68431e-05 -0.000554656
  0.00338785  4.96514e-05
  0.00414965 -0.000360592
 -0.00215327  -0.00519048
 -0.00232509 -0.000213973
 -0.00753544  -0.00453487
 -0.00196342   0.00571342
  0.00449499   0.00363001
  0.00101832  -0.00433863
 0.000397173   -0.0107097
   0.0016025  -0.00277437
 0.000321315  -0.00176663
  0.00471255     0.013725
 -0.00346059   0.00482778
 -0.00904552  -0.00989979
  0.00396243   0.00799069
   0.0011272  -0.00999439
 -0.00128469   0.00394094
  0.00119395  0.000954483
  0.00387028  -0.00586246
 -0.00349006   0.00138069
  0.00110774   0.00717351
 -0.00474592  -0.00427752
  0.00237055  -0.00635492
 0.000867892   0.00159305
