taskset -c 0-127 ./rbm-matfree-N40-M160-K2-opt  -c 128 --model trappedion -h 1 -n 100 -m 400  --tol 1e-4 --reglam-init 4 --reglam-cutoff 0.2
Random seed is 3019437331
-0.824795 -0.784442
-1.07923  10.0939
 -1.4575 -1.34029
-1.51432 -1.47628
-1.54456 -1.51442
-1.56183 -1.53378
-1.57368 -1.54618
-1.58099 -1.55418
-1.58588 -1.55929
-1.58935 -1.56389
  -1.592 -1.56636
-1.59389 -1.56849
-1.59503 -1.57005
-1.59597 -1.57136
-1.59699 -1.57266
-1.59735  -1.5732
-1.59772 -1.57414
-1.59791 -1.57463
-1.59807 -1.57516
 -1.5984 -1.57593
-1.59857 -1.57615
-1.59886 -1.57676
-1.59903 -1.57712
-1.59894 -1.57729
-1.59922 -1.57782
-1.59925 -1.57791
Converged after 26 steps.
<sx(0) sx(i)> =
       1        1
0.884548 0.874368
0.640501 0.631605
0.665876  0.63207
0.649895 0.634208
0.632517 0.606093
0.586418 0.537133
0.656892 0.649598
 0.62238  0.57275
0.615279 0.590292
0.675799 0.650409
 0.65304 0.622183
 0.64002 0.609456
0.652544 0.594467
0.655397 0.620974
0.642113 0.631472
0.649899 0.619261
0.643987 0.592963
0.647725 0.541377
0.646459 0.629058
0.645494 0.635422
0.638084 0.618122
0.647586  0.61737
0.648943  0.61708
0.638353 0.600241
0.649807 0.601182
0.654759 0.638793
0.634241 0.556737
0.636881  0.45225
0.673498 0.649491
0.612505 0.543315
0.614248 0.538532
0.659444 0.608522
0.581707  0.49784
0.626498 0.554672
 0.64416 0.619886
0.657652 0.598175
0.643866 0.642366
0.604283 0.583095
0.695163 0.676716
<sz(0) sz(i)> =
           1            1
   -0.527223    -0.536059
    0.125679     0.125453
   0.0416056     0.013785
   -0.110273   -0.0934382
  -0.0262624   -0.0019407
   0.0616709    0.0249697
  -0.0190129   -0.0163777
  -0.0536594  -0.00559843
   0.0194678   0.00436032
  -0.0137338   -0.0104069
   0.0103712   -0.0219728
 -0.00580515    0.0185005
  0.00146179   -0.0163837
  -0.0129493   0.00173831
 -0.00631947  -0.00825084
 -0.00667476    0.0128466
  0.00341382  -0.00599194
  0.00386159  -0.00979909
 3.77519e-05   -0.0125378
 -0.00345201    0.0127489
 -0.00205008  -0.00044992
 5.73272e-05  -0.00306514
  0.00148392   -0.0266402
-0.000735939    0.0217516
 -0.00898658   -0.0168728
 -0.00130103     0.018762
   0.0058639   -0.0244967
-0.000116625    0.0318744
 -0.00323988  -0.00621324
 -0.00833754    0.0122438
 -0.00313326   -0.0454214
-3.23716e-05   -0.0173114
 -0.00290203    0.0373161
 -0.00299864   -0.0173529
 0.000796157    -0.020718
 0.000343323    0.0206332
  -0.0034087  -0.00116161
-0.000935307  -0.00863501
 -0.00930886 -0.000964578
