time taskset -c 0-127 ~/rbm-code/c/run.sh ./rbm-matfree-N100-M300-K3-opt -c 128 --model trappedion -h 4 -n 50 -m 200 --tol 1e-6 --reglam-init 80 --reglam-cutoff 1 --minres-rtol 1e-9 --correlation-data ioncorrN100M300K3h4train1.mat --lrate-init 0.05 --dump-rbm ionh4train1 --lrate-decay 0.8
Random seed is 1205128834
-3.88058 -3.82736 -3.81984
-3.96094 -3.88719 -3.87707
-3.99104 -3.92238  -3.8998
-4.01837  -3.9536 -3.91583
-4.06605 -3.97328 -3.92891
-4.13611 -3.98879 -3.94475
-4.22195 -4.00087 -3.96474
-4.30924 -4.01413 -3.98937
 -4.3893 -4.02893 -4.01136
-4.47011  -4.0523 -4.03619
-4.55044  -4.0882  -4.0605
-4.62669 -4.13415 -4.09672
-4.69391 -4.18948 -4.14607
-4.75405  -4.2585 -4.21396
-4.80181 -4.33496 -4.29868
-4.84057  -4.4279 -4.38738
 -4.8718 -4.53074 -4.46695
-4.89699 -4.62276 -4.53676
-4.91507 -4.70202 -4.60111
-4.92972 -4.76647 -4.65263
-4.94044 -4.81619 -4.69466
 -4.9478  -4.8537 -4.72994
-4.95335 -4.88204 -4.75619
-4.95697 -4.90373 -4.77878
-4.96009 -4.91987 -4.79643
 -4.9621 -4.93229 -4.81031
-4.96327 -4.94083 -4.82023
-4.96435 -4.94836 -4.82946
-4.96484  -4.9526 -4.83557
-4.96554 -4.95624 -4.84084
-4.96591 -4.95952 -4.84572
 -4.9662 -4.96171 -4.84952
-4.96647 -4.96339   -4.852
 -4.9666 -4.96463 -4.85492
-4.96681 -4.96569 -4.85654
-4.96698 -4.96627 -4.85869
-4.96701 -4.96664 -4.86036
-4.96715 -4.96701 -4.86178
-4.96729 -4.96727 -4.86305
-4.96748 -4.96745 -4.86398
-4.96762 -4.96735  -4.8651
-4.96772 -4.96736 -4.86594
-4.96778 -4.96753 -4.86701
-4.96787 -4.96754 -4.86745
-4.96798 -4.96767 -4.86831
-4.96798 -4.96767 -4.86875
-4.96796 -4.96775  -4.8693
-4.96799 -4.96764 -4.86961
  -4.968 -4.96772 -4.87027
-4.96803 -4.96776 -4.87079
