time taskset -c 0-127 ./rbm-matfree-N104-M416-K2-opt -c 128 --model trappedion -h 2 -n 100 -m 400 --tol 1e-5 --reglam-init 40 --reglam-decay 0.9 --reglam-cutoff 0.2
Random seed is 3360522273
-1.94762 -1.92524
-2.10665  -2.0475
-2.30719 -2.25788
-2.37617 -2.34387
 -2.4082 -2.38029
-2.42915 -2.40235
-2.44411 -2.41766
-2.45547  -2.4292
 -2.4632 -2.43734
-2.47012 -2.44354
-2.47586 -2.44943
-2.48033 -2.45406
-2.48349 -2.45723
-2.48611 -2.46014
-2.48835  -2.4625
-2.49028 -2.46451
-2.49201 -2.46634
-2.49264 -2.46734
-2.49368 -2.46836
-2.49428 -2.46922
-2.49483 -2.46994
-2.4953 -2.4703
-2.49556 -2.47075
-2.49584 -2.47112
-2.49601  -2.4714
-2.49611 -2.47165
-2.49613 -2.47172
-2.49637 -2.47183
-2.49631 -2.47197
-2.49638 -2.47211
-2.49651 -2.47214
-2.49653 -2.47224
-2.49658 -2.47226
-2.49654 -2.47233
 -2.4965 -2.47234
-2.49644 -2.47238
-2.49664 -2.47242
-2.49655 -2.47241
-2.49655  -2.4724
-2.49652 -2.47259
-2.49661 -2.47256
-2.49658 -2.47253
-2.49656 -2.47265
-2.49646 -2.47265
-2.49652 -2.47261
-2.49654 -2.47263
-2.49658 -2.47262
-2.49648 -2.47261
-2.49647  -2.4727
-2.49657 -2.47274
-2.49648 -2.47263
 -2.4966 -2.47287
-2.49655 -2.47283
-2.49657 -2.47282
-2.49652  -2.4729
-2.49646 -2.47286
-2.49656 -2.47292
-2.49661   -2.473
-2.49661 -2.47308
-2.49657 -2.47301
-2.49664 -2.47295
-2.49666 -2.47298
-2.49664 -2.47305
-2.49654 -2.47311
 -2.4966 -2.47307
-2.49662 -2.47304
-2.49672 -2.47306
-2.49665 -2.47311
-2.49663 -2.47316
-2.49652 -2.47304
-2.49661 -2.47319
-2.49656 -2.47314
-2.49664 -2.47327
-2.49662 -2.47317
-2.49664 -2.47318
-2.49659 -2.47305
-2.49665 -2.47319
-2.49659 -2.47313
-2.49664 -2.47322
-2.49664  -2.4732
-2.49656 -2.47317
 -2.4966 -2.47329
-2.49661 -2.47332
-2.49664 -2.47327
-2.49662 -2.47327
-2.49661 -2.47331
Converged after 86 steps.
<sx(0) sx(i)> =
       1        1
0.912232 0.909097
0.910966 0.904717
0.871588 0.869783
0.872145 0.866852
0.850487  0.84891
0.876583 0.871481
0.876552 0.874717
0.856831 0.853384
  0.8502 0.845252
0.862548 0.858118
0.859293 0.859185
0.858269 0.855234
0.860323 0.856888
0.841091 0.840222
0.848073 0.842647
0.869111 0.862754
0.863654 0.860882
0.850167 0.845494
0.847335 0.835672
0.860294 0.859025
0.861091 0.857733
0.845917 0.821501
0.846677 0.835512
0.869249 0.859076
0.862471 0.852951
0.833828 0.708603
0.844097 0.822173
0.830414 0.664789
0.870798 0.833143
0.863901 0.863836
0.836876 0.833035
0.844793 0.839573
0.847869 0.792635
0.869216 0.857434
0.861376 0.765754
0.843105 0.782249
0.846408 0.822428
0.849623 0.840035
0.861065 0.859312
0.860203 0.834068
0.842375  0.84222
0.846272 0.839134
0.848162 0.821409
0.857498  0.85586
0.861786 0.858472
0.842838 0.821799
0.845979 0.843918
0.844502 0.836652
0.858057 0.855613
0.842704 0.810047
0.857972 0.849183
 0.84924 0.824182
0.843162  0.83992
0.845122 0.839874
0.859333 0.846168
0.855136 0.854283
0.849836 0.814099
0.848339 0.808608
0.845229 0.807063
0.857834 0.817421
0.860105  0.85482
0.846656 0.844992
0.846869 0.851157
 0.84514 0.839081
0.862741 0.837614
 0.86453 0.857702
0.849676 0.847145
0.847322 0.848038
0.844619 0.822319
0.860336 0.824173
0.865202 0.853281
0.847162  0.78313
0.843036 0.812959
0.844934 0.808567
0.868685 0.859014
0.863171 0.863516
0.835257  0.78937
0.848851 0.841611
0.839759 0.777207
0.866052 0.863945
0.875291 0.867667
 0.84908 0.805969
0.853547 0.844595
0.858077 0.828284
0.869436 0.864485
0.850568 0.843644
0.850715 0.850286
0.864768 0.817067
0.840937 0.836391
0.870588 0.867266
0.841958 0.821479
0.865312 0.826161
0.861492  0.85364
0.854285 0.846248
0.861615 0.817387
0.859672 0.849786
0.853457 0.852807
0.864379 0.843678
0.870349 0.865878
0.857852 0.839553
0.876235 0.879009
  0.8718 0.869073
0.906311 0.904589
<sz(0) sz(i)> =
           1            1
   -0.170612    -0.173099
   -0.169282    -0.166694
 -0.00207931  -0.00823319
 -0.00599192 -0.000726825
  -0.0091346  -0.00949821
   -0.020997   -0.0163077
   -0.014994   -0.0226232
    0.001109  -0.00595275
 -0.00605466   0.00207028
  -0.0121944    -0.016204
-9.99139e-05  -0.00263446
  -0.0024352  -0.00213511
 -0.00825933  -0.00275629
 -0.00561747  -0.00106222
-8.28827e-05  0.000121945
 -0.00500379  -0.00202746
  -0.0101614  -0.00308082
 -0.00174881   0.00557693
-8.66349e-05  -0.00557743
 -0.00762234  -0.00976047
  -0.0044011  -0.00489578
  0.00631825  -0.00405262
 0.000851664   0.00184365
 -0.00630186   0.00114561
  -0.0109253  -0.00415284
-0.000843426 -0.000133137
 -0.00355002  -0.00969216
  0.00359129   0.00121339
 -0.00330136  -0.00681582
 -0.00707654 -0.000189083
 -0.00998302   0.00592052
  0.00238263   0.00320331
  0.00133695  -0.00102445
 0.000998786   0.00247778
-0.000814521   0.00222077
 0.000763403 -0.000216528
 -0.00426054  -0.00577852
 0.000813859  -0.00557948
-0.000845055   0.00436068
 -0.00737891  -0.00824609
  0.00163232  -0.00350732
  0.00151488  -0.00128051
 -0.00816729   0.00945635
 -0.00962076   -0.0119808
  0.00200256  -0.00942444
-0.000253434   -0.0078325
  0.00616766   0.00160578
  0.00409046  -0.00272328
  0.00659682   0.00258287
 -0.00351411   0.00773286
   -0.006259  -0.00389725
-0.000153992   -0.0103929
  0.00323994   0.00922099
-0.000115919  -0.00273564
  0.00103057   0.00756318
 -0.00302843  -0.00107313
  -0.0052461  -0.00459765
  0.00345753   0.00986278
 0.000558042  -0.00239398
  0.00333166  -0.00399572
  0.00266032   0.00261312
 -0.00264426  -0.00942606
 -0.00113692  -0.00120683
   0.0118939   0.00666076
 -0.00765797  -0.00812328
 -0.00514508  -0.00184711
 0.000653235   0.00215927
 -0.00224166 -0.000297402
  0.00196929  -0.00411773
  0.00249392  -0.00866579
  0.00253154  -0.00733623
 -0.00846733 -0.000321735
 -0.00301521    0.0025074
  0.00385164   0.00310148
  0.00410055  0.000274454
 0.000459551   0.00207951
 -0.00773988  -0.00245544
    0.001349   0.00376819
-0.000727581   0.00232914
 0.000809378  -0.00491094
-0.000588901  -0.00132516
 -0.00661923 -0.000451084
 0.000902923  -0.00430136
   0.0040718   0.00354538
  0.00628368    -0.001479
  0.00469706   0.00858419
 -0.00246507   0.00437914
  0.00291512  -0.00994637
  0.00475593   0.00348626
 -0.00830011 -9.83236e-05
 0.000783006  -0.00203301
 -0.00235696   0.00677102
  0.00113086   0.00773633
 -0.00865925 -0.000637624
  0.00956365  -0.00354802
 -0.00669978  -0.00330022
-0.000622597 -0.000158653
 0.000199435   0.00597244
  -0.0155196 -0.000925715
  0.00523785  -0.00355816
  0.00195176  -0.00370957
  0.00152923   0.00183014
 -0.00125338  -0.00866849

real    587m1.525s
user    70088m52.456s
sys     14m49.571s
