time taskset -c 0-127 ./rbm-matfree-N104-M416-K2-opt -c 128 --model trappedion -h 1 -n 100 -m 400 --tol 1e-5 --reglam-init 40 --reglam-cutoff 0.2 --dump-rbm ion1
Random seed is 946726773
-0.977995 -0.964425
-0.957005 -0.888274
-1.32072 -1.30311
-1.43597 -1.42749
-1.48423 -1.47715
-1.51423 -1.50809
-1.53731 -1.53096
-1.55476 -1.54928
-1.56905 -1.56365
  -1.582 -1.57626
-1.59168 -1.58605
-1.60014 -1.59476
-1.60714 -1.60149
-1.61373 -1.60786
-1.61907 -1.61285
-1.62343 -1.61736
-1.62708 -1.62115
-1.63043 -1.62429
-1.63321 -1.62697
-1.63558 -1.62915
-1.63748   -1.631
-1.63927 -1.63256
-1.64082 -1.63392
-1.64192 -1.63502
-1.64299 -1.63608
 -1.6438 -1.63687
-1.64448 -1.63739
-1.64499 -1.63798
-1.64538 -1.63841
-1.64589  -1.6388
-1.64612 -1.63902
-1.64645 -1.63925
-1.64661 -1.63956
-1.64669 -1.63969
-1.64713 -1.64005
-1.64704 -1.63984
-1.64721 -1.64018
-1.64729 -1.64016
-1.64735 -1.64037
-1.64727 -1.64019
-1.64744 -1.64027
-1.64753 -1.64033
-1.64748 -1.64027
-1.64754 -1.64048
-1.64753 -1.64045
-1.64758 -1.64054
-1.64774 -1.64065
-1.64756 -1.64042
-1.64765 -1.64045
 -1.6478 -1.64054
-1.64762 -1.64052
-1.64765 -1.64068
-1.64786 -1.64053
-1.64757 -1.64072
-1.64782 -1.64067
-1.64783  -1.6407
-1.64787 -1.64059
-1.64784 -1.64076
-1.64782 -1.64084
-1.64783 -1.64072
-1.64776 -1.64073
-1.64778 -1.64074
-1.64792 -1.64079
-1.64782 -1.64084
-1.64767 -1.64086
-1.64786 -1.64078
-1.64798 -1.64088
-1.64794 -1.64094
-1.64765 -1.64084
-1.64788 -1.64093
-1.64781 -1.64095
-1.64772 -1.64081
-1.64779 -1.64094
-1.64793 -1.64115
-1.64786 -1.64107
-1.64784 -1.64095
-1.64769 -1.64087
-1.64778 -1.64099
-1.64786 -1.64097
 -1.6479 -1.64106
-1.64787 -1.64096
  -1.648 -1.64111
-1.64786 -1.64112
-1.64778 -1.64106
-1.64786 -1.64104
-1.64785 -1.64106
-1.64776 -1.64108
-1.64787 -1.64115
-1.64784 -1.64108
-1.64786 -1.64109
-1.64777 -1.64116
-1.64806 -1.64106
-1.64788 -1.64122
 -1.6479 -1.64122
-1.64794 -1.64127
-1.64785 -1.64123
-1.64777 -1.64115
-1.64793 -1.64117
-1.64796 -1.64134
-1.64788  -1.6411
<sx(0) sx(i)> =
       1        1
0.790281   0.7815
0.785487 0.774398
0.710348 0.701937
0.709061 0.687429
 0.68166 0.657428
0.730803 0.699534
0.730208 0.726039
 0.68986 0.663032
0.645045  0.64863
0.683135 0.641181
 0.71594 0.693268
 0.66616 0.664714
0.685731 0.630929
0.658862 0.627984
0.689715 0.682399
0.698206 0.684578
0.707131   0.6849
0.677344 0.632349
0.675033  0.65943
0.689634 0.677884
0.690199 0.684939
0.678702 0.633783
0.690698 0.682334
0.731311  0.72729
0.699079 0.701115
0.637627 0.597924
0.676708 0.588067
0.641408 0.583089
0.719235 0.691081
0.709474 0.693203
0.659473 0.617506
0.684483 0.686587
 0.68325 0.689898
0.714149 0.707721
0.699202 0.688138
0.668782 0.646788
0.685236 0.666546
0.682748 0.670316
0.705812 0.705992
 0.70148  0.69708
0.673513 0.675036
0.692082 0.673115
0.692151 0.676113
0.702664 0.699117
0.698935 0.682777
0.681824 0.674902
0.692585 0.685439
0.691752 0.686954
0.699185 0.688079
0.680866 0.661451
0.698845 0.677084
0.693401 0.694411
0.693407 0.690396
0.679054 0.673578
0.697722 0.685475
0.701232 0.687036
0.690508 0.682477
 0.68822 0.670246
0.675911 0.667929
  0.7006 0.692007
 0.70722 0.700481
0.686569 0.688777
0.683104 0.686475
0.667941 0.664996
0.704941 0.696742
0.707485 0.707172
0.684705   0.6627
0.678974 0.675265
0.664216 0.633367
0.698491 0.654447
0.719957 0.714998
0.673974  0.65466
0.679679 0.666104
0.653615 0.661195
0.715677 0.685532
0.717832 0.709409
0.629134 0.576064
0.688788 0.681832
0.637116 0.564091
0.708489 0.665967
 0.74131 0.741927
0.691174 0.651381
0.690941 0.667532
0.694583 0.682297
0.719918 0.707714
 0.67019  0.62183
0.696389 0.701534
0.701565 0.698519
0.658464 0.630405
0.714237 0.714348
0.658652 0.642322
0.708717 0.706317
0.693895 0.688961
0.702776 0.697142
0.695249 0.689856
0.697974 0.690028
0.702884 0.700096
0.691574 0.689701
0.722661 0.720373
0.677671 0.674759
0.760776 0.761205
0.721983 0.714037
0.791802 0.786252
<sz(0) sz(i)> =
           1            1
   -0.234643    -0.231178
   -0.221052    -0.224261
   0.0610339    0.0542786
   0.0541939    0.0481499
  -0.0432891   -0.0388593
  -0.0386657   -0.0349281
  -0.0374695   -0.0400695
    0.017696    0.0141009
  0.00261167  0.000474272
  0.00319441   -0.0110069
  -0.0149885   -0.0177849
 -0.00999248   -0.0119997
 -0.00257544   0.00788794
  0.00186825   0.00481143
  0.00279022  -0.00368866
  -0.0061375   -0.0051125
 -0.00592834  -0.00864197
 -0.00357344   -0.0095125
   0.0022012   0.00502536
  -0.0125865  -0.00710096
  0.00434911   0.00190089
  0.00116449   0.00203864
 -0.00545992  -0.00196195
  0.00320391  -0.00847735
 -0.00467175  -0.00255481
   0.0025003   -0.0028128
-0.000338677   0.00451836
 -0.00117724    0.0103179
 0.000600069  -0.00950632
  0.00281646   -0.0157461
 -0.00881437  -0.00513095
-0.000205719  -0.00635678
  0.00560425  -0.00279175
 -0.00363465   0.00363465
  0.00192788   0.00830649
  -0.0112699   0.00412144
  0.00895532  -0.00403345
  0.00228049  -0.00364767
 -0.00572554   -0.0036104
 -0.00414489  -0.00620667
 -0.00607627  -0.00462686
  0.00319185   0.00965971
 0.000889127   0.00559525
-0.000607585  -0.00798616
 -0.00725769 -0.000437623
 -0.00188597   -0.0058484
 -0.00617202   -0.0082811
 -0.00220473  -0.00205308
 -0.00111978    0.0030729
 -0.00230635   0.00422041
 0.000406476   -0.0045471
  0.00450978   0.00435741
  0.00279059  -0.00282965
    -0.00808    -0.011295
  0.00113739  -0.00941864
-0.000391124  -0.00277294
 -0.00805918   0.00665293
 0.000439296   0.00334977
  0.00181112   -0.0117721
  0.00151645  -0.00178989
 -0.00603682   0.00736495
 -0.00815527   0.00514745
 -0.00156895  -0.00155605
 -0.00156234 -0.000664222
 -0.00252846  -0.00704186
  0.00262447   0.00147709
-0.000197091   0.00496272
 -0.00195075    -0.004143
-0.000504092   0.00734003
  0.00135558   0.00165223
  0.00243699  -0.00415574
 -0.00245454  -0.00426421
  0.00425573   -0.0023026
 -0.00503552   0.00417614
 -0.00434568  -0.00334963
 -0.00522754  -0.00223339
 -0.00585856 -0.000118007
  0.00765168 -0.000659492
  0.00480549  -0.00957112
 -0.00213877  -0.00887686
 -0.00353069   0.00325725
 -0.00677901    0.0105681
 -0.00113569   0.00433882
  0.00143361   0.00719921
  0.00380777   -0.0104484
   0.0038529  -0.00924352
 -0.00109841   0.00309059
-0.000664559   0.00433643
-0.000846453   0.00330739
 -0.00405934  -0.00328441
  0.00107278  -0.00868996
  0.00528727 -0.000287274
  0.00359829  3.45218e-05
 -0.00618542  -0.00236927
 -0.00346717   0.00385779
 -0.00379727  -0.00495273
  0.00515582   0.00562543
-0.000419875  -0.00680669
-0.000114917  -0.00332258
-0.000123872   0.00387387
 -0.00143054  -0.00313978
  -0.0026088  -0.00235214
 -0.00273396  -0.00597698

real    625m38.890s
user    78576m46.774s
sys     4m44.281s

time taskset -c 0-127 ./rbm-matfree-N104-M416-K2-opt -c 128 --model trappedion -h 1 -n 10 -m 400 --tol 1e-5 --reglam-init 0.2 --reglam-cutoff 0.2 --lrate-init 0.01 --load-rbm ion1N104M416K2.mat --correlation-data ion1corrN104M416K2.mat
Random seed is 3734646084
-1.64789 -1.64129
-1.64787 -1.64134
 -1.6479 -1.64117
-1.64795 -1.64136
-1.64794 -1.64122
-1.64793 -1.64138
-1.64797 -1.64135
-1.64784 -1.64128
-1.64798 -1.64141
-1.64798 -1.64154

real    107m40.317s
user    13613m9.836s
sys     0m45.203s
