taskset -c 0-127 ./rbm-matfree-N30-M120-K2-opt  -c 128 --model trappedion -h 1 -n 100 -m 400  --tol 1e-5 --reglam-init 4 --reglam-cutoff 0.2
Random seed is 1705758016
-0.960214 -0.809156
-1.26962 -1.09334
-1.45563 -1.41361
-1.49963 -1.46557
-1.52567 -1.49218
-1.54122 -1.50969
-1.55193  -1.5216
-1.55923 -1.52949
-1.56387 -1.53488
-1.56765  -1.5393
-1.57007 -1.54258
-1.57204 -1.54482
-1.57344 -1.54672
-1.57459 -1.54822
-1.57493 -1.54951
-1.57575 -1.55066
-1.57602 -1.55148
-1.57665 -1.55215
-1.57671  -1.5527
-1.57693 -1.55309
 -1.5772 -1.55366
-1.57735 -1.55423
-1.57738 -1.55429
-1.57759   -1.555
-1.57785 -1.55506
-1.57757 -1.55524
-1.57795 -1.55585
-1.57774 -1.55605
-1.57797  -1.5563
-1.57809 -1.55642
-1.57822 -1.55663
 -1.5779 -1.55681
-1.57806 -1.55686
-1.57818 -1.55733
-1.57805 -1.55719
 -1.5784 -1.55762
-1.57822 -1.55767
-1.57829 -1.55782
 -1.5783 -1.55795
-1.57826 -1.55796
-1.57832 -1.55813
-1.57834  -1.5583
-1.57852 -1.55823
-1.57836 -1.55811
-1.57814 -1.55863
-1.57834 -1.55861
-1.57843 -1.55863
-1.57834 -1.55851
-1.57839 -1.55886
-1.57835 -1.55865
 -1.5784 -1.55875
-1.57848 -1.55886
-1.57857 -1.55912
-1.57856 -1.55918
-1.57865 -1.55915
-1.57853 -1.55925
 -1.5783 -1.55901
-1.57844 -1.55936
-1.57846 -1.55901
-1.57862 -1.55937
 -1.5786 -1.55942
-1.57852 -1.55949
-1.57847 -1.55939
 -1.5787 -1.55935
-1.57845 -1.55981
-1.57859 -1.55959
-1.57865 -1.55976
-1.57871 -1.55959
-1.57853 -1.55945
-1.57861 -1.55971
-1.57863 -1.55963
-1.57858 -1.55963
-1.57867 -1.55957
 -1.5787 -1.55955
-1.57851 -1.55965
-1.57867 -1.55976
-1.57863  -1.5597
-1.57865 -1.55986
-1.57862 -1.55964
-1.57863 -1.55986
-1.57881 -1.55993
-1.57889 -1.55988
-1.57885 -1.55984
-1.57855 -1.55986
-1.57885 -1.56014
-1.57882 -1.55998
-1.57878 -1.55991
-1.57864 -1.56003
-1.57864    -1.56
-1.57871 -1.55996
 -1.5788 -1.56001
-1.57889 -1.55993
-1.57851 -1.55997
-1.57864 -1.56005
-1.57869 -1.56015
-1.57878 -1.56016
 -1.5787 -1.56007
-1.57873 -1.56021
-1.57865  -1.5601
-1.57892 -1.56007
<sx(0) sx(i)> =
       1        1
0.890301 0.884157
0.618598 0.614089
0.674844 0.666362
0.629239 0.626666
0.612531 0.610366
0.603114 0.582363
0.570325 0.571987
0.618206 0.591753
 0.59943 0.600389
0.565963 0.523138
0.647006 0.643442
0.641167 0.602407
0.598255  0.59899
0.675716 0.680264
0.646191 0.629068
0.596938 0.547345
0.643211  0.63099
0.642502   0.5424
0.567541 0.568666
0.597354 0.445709
0.616824 0.596167
0.571198 0.362802
0.597125 0.491886
0.611804 0.462736
0.625009 0.472173
0.661225 0.632671
0.623004 0.478724
0.601942 0.549544
 0.67774 0.649899
<sz(0) sz(i)> =
          1           1
  -0.546853   -0.542912
   0.176888    0.178268
 -0.0402243  -0.0441897
  -0.107395   -0.108698
   0.030857    0.035393
  0.0482172   0.0434235
 -0.0336137  -0.0496285
 -0.0422157  -0.0334874
  0.0141869   0.0298365
  0.0144927  0.00648385
 -0.0199154  -0.0230143
 -0.0163976   -0.013368
  0.0105756   0.0112603
 -0.0144142  -0.0164452
 -0.0084301  -0.0093824
 0.00593907   0.0124594
-0.00577182  -0.0155172
-0.00432835  -0.0175466
-0.00250029   0.0070706
 0.00221316   0.0137243
 0.00266453  -0.0134848
-0.00582968  -0.0233109
 0.00179748    0.018515
-0.00357757   0.0176791
 0.00161998  -0.0184559
-0.00177505 -0.00502182
-0.00429495   0.0153887
-0.00420558  -0.0131772
-0.00393254  0.00260441
