time taskset -c 0-127 ./rbm-matfree-N100-M200-K3-opt -c 128 --model trappedion -h 2 -n 100 -m 400 --tol 1e-6 --reglam-init 150 --reglam-cutoff 1 --correlation-data ioncorrN100M200K3.mat --lrate-init 0.05 --dump-rbm ionm200h2k3
Random seed is 4144474376
-1.94127 -1.91178 -1.90879
-1.95847 -1.93401 -1.92312
 -1.9806 -1.96401 -1.93684
 -2.0357 -1.99325 -1.95329
 -2.1662 -2.03724  -1.9826
-2.50803 -2.14536 -2.03774
-3.17496 -2.44839 -2.17447
 -3.6632 -3.07768 -2.55623
-3.83837 -3.61054 -3.18922
-3.90268 -3.82812 -3.59693
 -3.9278  -3.9001 -3.76034
-3.93845 -3.92596 -3.82582
-3.94358 -3.93659 -3.85685
-3.94656 -3.94186 -3.87244
-3.94802 -3.94458 -3.88269
 -3.9489   -3.946 -3.88863
-3.94938 -3.94701 -3.89326
-3.94973 -3.94762   -3.896
-3.94986 -3.94795 -3.89842
-3.95002 -3.94834 -3.89996
-3.94973 -3.94855 -3.90114
-3.95022 -3.94869 -3.90221
-3.94915  -3.9488 -3.90299
-3.95012 -3.94885 -3.90361
-3.94895 -3.94852 -3.90408
-3.95005 -3.94898 -3.90454
-3.94901 -3.92376 -3.90489
-3.94922 -3.94902 -3.90523
-3.94905 -3.94823 -3.90549
-3.94963 -3.94903 -3.90565
-3.94904 -3.94899 -3.90592
-3.94972 -3.94905 -3.90606
-3.94907 -3.94893  -3.9062
-3.94971 -3.94909  -3.9063
 -3.9491 -3.94907 -3.90638
-3.94973 -3.94907 -3.90656
-3.94921 -3.94907 -3.90671
-3.94974 -3.94911 -3.90679
-3.94948 -3.94906 -3.90686
-3.94983 -3.94909 -3.90695
-3.94964 -3.94908 -3.90704
-3.94976  -3.9491  -3.9071
-3.94967 -3.94911 -3.90716
-3.94974 -3.94911 -3.90718
-3.94966  -3.9491 -3.90733
-3.94979 -3.94907  -3.9074
-3.94977 -3.94909 -3.90742
-3.94977  -3.9491 -3.90742
-3.94978  -3.9491 -3.90749
-3.94981 -3.94913 -3.90756
 -3.9498 -3.94912 -3.90764
-3.94981 -3.94913 -3.90764
-3.94983 -3.94913 -3.90767
-3.94981 -3.94912 -3.90771
-3.94981 -3.94913 -3.90779
-3.94983 -3.94913 -3.90782
-3.94985 -3.94914 -3.90781
-3.94984 -3.94915 -3.90786
-3.94984 -3.94914 -3.90789
-3.94985 -3.94914 -3.90794
-3.94984 -3.94912 -3.90794
-3.94983 -3.94916 -3.90796
-3.94984 -3.94915 -3.90799
-3.94984 -3.94915 -3.90803
-3.94984 -3.94916 -3.90808
-3.94985 -3.94916  -3.9081
-3.94983 -3.94914  -3.9081
-3.94984 -3.94916  -3.9081
-3.94985 -3.94915 -3.90815
-3.94984 -3.94915 -3.90818
-3.94985 -3.94916 -3.90818
-3.94984 -3.94915 -3.90821
-3.94984 -3.94915 -3.90821
-3.94985 -3.94917 -3.90824
-3.94984 -3.94916 -3.90827
-3.94985 -3.94916 -3.90827
-3.94984 -3.94918 -3.90828
-3.94986 -3.94918 -3.90829
-3.94984 -3.94917 -3.90831
-3.94985 -3.94917 -3.90831
-3.94985 -3.94918 -3.90832
-3.94984 -3.94918 -3.90836
-3.94984 -3.94918 -3.90837
-3.94985 -3.94917 -3.90838
-3.94985 -3.94919  -3.9084
-3.94985 -3.94918 -3.90843
-3.94985 -3.94918 -3.90842
-3.94986 -3.94919 -3.90841
-3.94984 -3.94918 -3.90844
-3.94985 -3.94917 -3.90843
-3.94985 -3.94918 -3.90845
-3.94984 -3.94918 -3.90846
-3.94985 -3.94918  -3.9085
-3.94985 -3.94919 -3.90844
-3.94985 -3.94917 -3.90849
-3.94985 -3.94919  -3.9085
-3.94985 -3.94918 -3.90851
-3.94985 -3.94918 -3.90851
-3.94985 -3.94919 -3.90851
-3.94986 -3.94919 -3.90851

real    23834m0.660s
user    3029136m58.581s
sys     20m25.485s
