taskset -c 0-127 ./rbm-matfree-N30-M120-K2-opt  -c 128 --model trappedion -h 1 -n 100 -m 400  --tol 1e-5 --reglam-init 1 --reglam-cutoff 0.2
Random seed is 4021296520
-0.921787 -0.821606
2.99507 7.85962
-1.36389 -1.13457
-1.47835 -1.42711
-1.52277 -1.49097
-1.54341 -1.51323
-1.55478 -1.52518
-1.56166 -1.53106
-1.56551 -1.53596
-1.56889 -1.53857
-1.57058  -1.5408
-1.57207  -1.5425
-1.57328 -1.54373
-1.57418 -1.54493
-1.57504 -1.54592
-1.57542  -1.5462
-1.57599 -1.54694
-1.57641  -1.5475
-1.57656 -1.54832
-1.5769 -1.5486
-1.57715 -1.54887
-1.57731 -1.54928
-1.57717 -1.54953
-1.57773 -1.54995
-1.57755 -1.55043
-1.57792 -1.55077
 -1.5778 -1.55082
-1.57774 -1.55104
-1.57769 -1.55125
-1.57803 -1.55167
-1.57801 -1.55178
-1.57815 -1.55187
 -1.5781 -1.55223
-1.57813 -1.55265
-1.57805 -1.55252
-1.57834 -1.55262
-1.57813 -1.55239
-1.57835 -1.55289
-1.57828 -1.55317
-1.57827 -1.55339
-1.57849 -1.55347
-1.57839 -1.55345
 -1.5784 -1.55381
-1.57882 -1.55399
-1.57847 -1.55384
-1.57838 -1.55404
-1.57825 -1.55397
-1.57854 -1.55444
-1.57849 -1.55439
-1.57849 -1.55437
-1.57857 -1.55455
-1.57852  -1.5549
-1.57862 -1.55489
-1.57852 -1.55476
-1.57842 -1.55489
-1.57867 -1.55538
-1.57844  -1.5554
-1.57884 -1.55548
-1.57842 -1.55506
-1.57869 -1.55555
-1.57881 -1.55568
-1.57851 -1.55566
-1.57874 -1.55575
-1.57864 -1.55567
-1.57883 -1.55557
-1.57875 -1.55607
-1.57866 -1.55579
-1.57849 -1.55579
-1.57849 -1.55601
-1.57868 -1.55613
-1.57869 -1.55614
-1.57877 -1.55627
-1.57862 -1.55612
 -1.5785 -1.55614
-1.57867 -1.55646
-1.57851 -1.55619
 -1.5787 -1.55649
-1.57878 -1.55651
-1.57882 -1.55682
 -1.5787 -1.55666
-1.57862 -1.55643
-1.57881 -1.55683
-1.57854  -1.5567
 -1.5787 -1.55688
-1.57859 -1.55684
-1.57863 -1.55693
-1.57882  -1.5571
-1.57866 -1.55699
-1.57886  -1.5573
-1.57871 -1.55701
-1.57877 -1.55719
-1.57899  -1.5572
-1.57877 -1.55716
-1.57892 -1.55736
-1.57894 -1.55734
-1.57878 -1.55734
-1.57889 -1.55729
-1.57897 -1.55766
-1.57879 -1.55739
-1.57899 -1.55781
<sx(0) sx(i)> =
       1        1
0.889038 0.883504
0.620609 0.612307
0.674798   0.6624
0.630757 0.625301
0.613729  0.59284
0.609787  0.57308
 0.57259 0.549102
0.627177 0.555694
0.596895 0.575409
0.569476 0.437346
0.652072  0.63237
0.643495 0.550743
0.606529 0.592739
0.678786 0.677968
0.646081 0.570347
0.599909 0.562429
0.644406 0.622422
0.649047 0.602743
0.573834 0.494144
0.599624 0.425267
0.630341 0.584359
0.572991 0.411594
0.609009 0.609493
0.612857 0.500127
0.630778 0.620076
0.665379 0.618639
0.625661 0.607773
0.598406 0.586394
0.682914 0.671867
<sz(0) sz(i)> =
          1           1
  -0.540581   -0.541177
   0.171326    0.180549
   -0.03931  -0.0459634
  -0.105408   -0.120608
  0.0308649    0.036557
   0.043051    0.056949
 -0.0302835  -0.0479196
 -0.0448864  -0.0411292
  0.0125296   0.0292282
  0.0201339   0.0159598
  -0.024995  -0.0314112
 -0.0172967  -0.0210236
  0.0117651   0.0198756
-0.00650559  -0.0148616
-0.00703157  -0.0235934
 0.00327236   0.0145011
 -0.0042444  0.00529909
-0.00632909  -0.0216006
  0.0103757  -0.0114304
-0.00562618    0.034884
 -0.0127468 -0.00494853
-0.00126649  -0.0416632
0.000682125    0.006271
-0.00663841   0.0296462
 0.00233289  -0.0132313
 0.00522577  -0.0227648
-0.00882722   0.0157022
 0.00804412 0.000159004
 -0.0139099 -0.00659787
