time taskset -c 0-127 ./rbm-matfree-N22-M88-K2-opt -c 128 --model trappedion -h 1 -n 100 -m 400 --tol 1e-5
Random seed is 1134005917
-0.917438  -0.74627
  -1.1262 -0.739248
-1.41063 -1.33167
-1.49318 -1.43279
-1.52763 -1.47744
-1.54392 -1.50045
-1.55224 -1.51294
-1.55812 -1.52277
-1.56199 -1.53119
-1.56443 -1.53743
 -1.5661 -1.54185
-1.56749 -1.54589
-1.56832 -1.54939
-1.56899 -1.55197
 -1.5695 -1.55384
-1.56986 -1.55525
-1.57013 -1.55663
-1.57024 -1.55762
-1.57058  -1.5583
-1.57065 -1.55878
-1.57076 -1.55965
-1.57088 -1.55986
-1.57112 -1.56038
-1.57108 -1.56061
-1.57114 -1.56082
-1.57122 -1.56103
-1.57137 -1.56128
-1.57144 -1.56149
-1.57148 -1.56163
-1.57164  -1.5618
-1.57163 -1.56202
-1.57169 -1.56205
-1.57168 -1.56215
-1.57175 -1.56225
-1.57178 -1.56235
-1.57179 -1.56238
-1.57181 -1.56244
-1.57182 -1.56251
-1.57186  -1.5626
-1.57185 -1.56262
-1.57189 -1.56268
-1.57188 -1.56267
 -1.5719 -1.56265
-1.57189 -1.56276
-1.57191 -1.56276
-1.57193 -1.56279
-1.57191 -1.56281
-1.57189 -1.56283
 -1.5719 -1.56282
 -1.5719 -1.56291
-1.57192 -1.56288
-1.57193 -1.56287
-1.57192  -1.5629
-1.57192 -1.56289
-1.57193 -1.56294
-1.57193 -1.56294
Converged after 56 steps.
<sx(0) sx(i)> =
       1        1
0.854315 0.851972
0.618395 0.618406
0.646897 0.627947
0.660908 0.663857
0.590775 0.545864
0.578459 0.543057
0.552155 0.470347
0.503974 0.409877
0.522836 0.421986
0.446787 0.321974
0.454515 0.313178
0.524249  0.41676
0.504026 0.398854
0.547686  0.46738
0.582816 0.523844
0.594057 0.539198
0.660157 0.658418
0.628827 0.607804
0.619659 0.618439
0.579407 0.575075
0.682214 0.685119
<sz(0) sz(i)> =
          1           1
  -0.542526   -0.541497
   0.234574     0.23277
 -0.0943968  -0.0913063
 -0.0754513  -0.0516581
  0.0281831   0.0467388
-0.00310184  -0.0391247
 -0.0246557  -0.0550709
-0.00403153   0.0448518
 0.00734093   0.0447294
 -0.0135893  -0.0542232
 0.00858283   0.0523937
 -0.0121614   -0.054323
  -0.014502  -0.0481151
 0.00260273   0.0376707
 0.00835635   0.0317608
 -0.0100999  -0.0375173
-0.00413307  -0.0239529
-0.00502585   0.0218227
-0.00964607  -0.0192211
   0.012446  0.00856959
 -0.0139293  -0.0181801

real    289m36.977s
user    37059m37.796s
sys     0m4.840s
