time taskset -c 0-127 ./rbm-matfree-N120-M480-K2-opt -c 128 --model trappedion -h 1 -n 100 -m 400 --tol 1e-5 --reglam-init 40 --reglam-decay 0.9 --reglam-cutoff 0.2 --minres-rtol 1e-8
Random seed is 41958146
-0.965131 -0.958591
 -1.04964 -0.805923
-1.35992 -1.35023
-1.44989 -1.44604
-1.49492 -1.49095
-1.52657 -1.52264
-1.55061 -1.54699
-1.56852 -1.56458
-1.58248 -1.57838
-1.59388  -1.5897
 -1.6046 -1.59946
-1.61334 -1.60835
-1.62043  -1.6154
-1.62693 -1.62128
-1.63216 -1.62667
-1.63684 -1.63112
-1.64118 -1.63513
-1.64427 -1.63844
-1.64712 -1.64114
-1.64977 -1.64362
-1.65165 -1.64537
-1.65319 -1.64711
-1.65479 -1.64882
-1.65602 -1.65001
-1.65711 -1.65109
-1.65772 -1.65185
-1.65868 -1.65256
-1.6591 -1.6531
-1.65957 -1.65361
-1.66008 -1.65421
 -1.6604 -1.65456
-1.66052 -1.65462
-1.66083 -1.65493
-1.66119 -1.65537
-1.66121 -1.65526
-1.66148 -1.65554
-1.66144 -1.65558
-1.66152  -1.6558
-1.66185 -1.65583
-1.66168 -1.65598
-1.66179 -1.65595
-1.66178 -1.65598
-1.66189  -1.6561
-1.66189 -1.65609
-1.66189 -1.65613
-1.66196 -1.65617
-1.66198 -1.65641
-1.66194 -1.65626
-1.66203 -1.65624
-1.66202 -1.65629
 -1.6621 -1.65633
-1.66208 -1.65631
-1.66197 -1.65633
-1.66202 -1.65631
-1.66216 -1.65642
-1.66199 -1.65631
-1.66197  -1.6564
-1.66211  -1.6564
-1.66218 -1.65649
-1.66208  -1.6564
-1.66207 -1.65651
-1.66221 -1.65659
-1.66221  -1.6567
-1.66209 -1.65656
-1.66212 -1.65673
-1.66218  -1.6567
 -1.6622 -1.65666
-1.66215 -1.65666
-1.66225 -1.65662
-1.66207 -1.65661
-1.66222 -1.65681
-1.66226 -1.65671
-1.66208 -1.65652
-1.66219 -1.65687
-1.66216 -1.65674
-1.66234 -1.65687
 -1.6621 -1.65681
-1.66214 -1.65683
-1.66223 -1.65684
-1.66211 -1.65682
-1.66231 -1.65687
-1.66231 -1.65698
-1.66212 -1.65692
-1.66221 -1.65695
-1.66225 -1.65683
-1.66216 -1.65683
-1.66222 -1.65701
-1.66222 -1.65693
-1.66226 -1.65704
-1.66231 -1.65695
 -1.6622 -1.65705
-1.66222 -1.65705
-1.66228 -1.65705
-1.66241 -1.65701
-1.66219 -1.65706
-1.66229 -1.65706
-1.66227 -1.65713
 -1.6622 -1.65713
-1.66233 -1.65707
-1.66222 -1.65727
<sx(0) sx(i)> =
       1        1
0.805949 0.811818
0.782637 0.780301
0.699521 0.704205
0.696233 0.692782
0.670303 0.665309
0.718845  0.71538
0.730109 0.731398
0.677476 0.676362
0.682155 0.676741
0.649189 0.644351
0.693324 0.693312
0.673535  0.66787
0.672758 0.677289
0.667768 0.666932
 0.69136 0.690934
0.676898 0.680372
0.699973 0.705277
0.668933 0.674323
0.687118  0.68794
0.707247 0.715658
0.694271 0.705241
0.625833 0.621798
0.666972 0.665611
   0.626 0.625191
 0.68996 0.687971
0.702177 0.704896
0.642124 0.644798
 0.66814 0.655355
0.663408 0.674539
0.663466  0.67615
0.708104 0.703783
0.666588 0.673108
 0.67858 0.684271
0.679447 0.682487
0.663726 0.668731
0.674545 0.673993
  0.6804 0.668848
0.674127 0.678717
0.678488 0.669381
0.655589 0.655834
0.668104 0.671622
0.658281 0.656612
0.669921 0.673746
0.664489 0.651763
0.647564 0.647232
0.662007 0.645409
0.638979 0.636293
0.663525  0.65413
0.635838 0.635782
0.645037 0.642013
0.660318 0.637031
0.617823 0.615725
0.659687  0.62744
0.601727 0.603853
0.638234 0.625864
0.658238 0.659266
0.600369  0.59241
0.663196 0.617095
0.579129 0.566644
  0.6633 0.664228
0.639375 0.585379
0.586475 0.564634
0.668369 0.652751
0.602375 0.587405
0.664916 0.645246
0.639016 0.558184
0.610163  0.60787
0.671254 0.682129
0.618526 0.608708
0.669979 0.638191
0.647687 0.569576
0.647896 0.654052
0.670868 0.664135
0.643793 0.643512
0.672107 0.668083
0.654946 0.626126
 0.67184 0.676354
0.675769 0.641632
0.667197 0.670992
0.679348 0.682517
0.664226 0.670733
0.682908 0.688248
 0.68187 0.663639
0.678974  0.67902
0.685152 0.683632
 0.67667 0.680706
 0.67836 0.683082
0.686029 0.683281
0.670556 0.672609
 0.68388 0.663621
0.717718   0.7172
0.637154 0.637718
0.685193 0.695569
0.626758 0.605919
0.673961  0.62082
0.701747 0.705791
 0.66647 0.649378
 0.67474 0.661894
0.660788 0.614542
0.687861 0.696944
0.656098 0.618251
0.689543 0.691582
0.639637 0.587743
0.659165 0.606692
0.717144 0.719877
 0.67915 0.685977
0.675014 0.645776
0.642964  0.61362
0.712183 0.714722
0.660129 0.636634
0.706085 0.700822
0.724019 0.728783
0.697246 0.697924
0.681354 0.678405
0.692845 0.694263
0.683505 0.686934
0.734177 0.736691
 0.69859  0.70396
0.785002 0.789056
<sz(0) sz(i)> =
           1            1
   -0.294414    -0.291758
   -0.205772    -0.200751
   0.0983415     0.096932
    0.037376    0.0407099
  -0.0439639   -0.0437315
  -0.0475336    -0.049732
  -0.0290917   -0.0351661
   0.0153961    0.0155414
   0.0102617    0.0127462
  0.00138387    0.0070927
  -0.0225253   -0.0168107
 -0.00987065   -0.0102465
  -0.0110795   -0.0118893
 0.000539334  0.000749728
-0.000257601  0.000882601
  -0.0108516   -0.0110234
 -0.00245026   0.00393464
-0.000672463  -0.00600722
  -0.0038684  -0.00609254
-0.000563429  -0.00193657
 -0.00909097  -0.00442465
-2.76952e-05   0.00655113
  0.00340056  -0.00140837
 -0.00335347   -0.0111387
 -0.00347773    0.0106652
 -0.00380358   -0.0147511
 -0.00276278   0.00151278
  0.00587198   0.00635458
 0.000157094  -0.00574303
 -0.00843588   -0.0105876
 -0.00472613  0.000507377
 0.000772014   -0.0062017
-0.000493186   0.00197756
 -0.00116823   0.00620729
  -0.0022878  -0.00232157
  0.00312156  -0.00316062
 -0.00817029 -0.000618773
 -0.00391468   0.00649281
 -0.00289247  -0.00148253
  0.00463992  -0.00417117
  0.00851263  -0.00198919
  0.00364116  0.000694778
 -0.00480298  0.000584232
 -0.00361792  -0.00118677
 -0.00380147  -0.00635478
  -0.0014961   0.00165235
 -0.00525539  -0.00743992
  0.00830224   0.00400245
  0.00194651   0.00906912
 -0.00391078 -0.000151722
 -0.00692425   -0.0115523
  0.00120962  -0.00351431
  0.00376437   0.00357938
  0.00180515  -0.00313327
 -0.00309252  -0.00741529
 -0.00306013   0.00481795
  0.00117044   0.00394675
 -0.00220396  -0.00396792
 -0.00127106  -0.00622894
 0.000816379 -0.000269504
 -0.00113674   0.00449612
 0.000226887 -0.000773762
 -0.00216393  0.000327996
 -0.00345185   0.00407685
 -0.00546532   -0.0033628
-0.000859672  -0.00722627
 -0.00622769 -0.000295747
  -0.0044688   0.00646099
  0.00212719      0.00049
   0.0035561    0.0026939
  0.00627118  -0.00131025
  0.00116253  -0.00151409
-0.000667919  -0.00448833
 -0.00510538  0.000808507
 -0.00390246  -0.00500379
 -0.00426935   0.00590998
 -0.00251862   0.00611237
 -0.00271595   0.00111439
 -0.00574209  -0.00316416
  0.00145913 -9.19472e-05
 -0.00278779  -0.00318878
 -0.00244235 -0.000409214
  0.00168201  -0.00722888
  0.00740835   0.00688853
-0.000517636 -0.000146426
 0.000246633 -0.000402883
  0.00257667  -0.00894385
 0.000685765  -0.00275608
-0.000126414  -0.00678765
 -0.00431507  0.000994759
  0.00835122   0.00668784
  0.00268612    0.0046967
  0.00156054   0.00117383
 -0.00556305   0.00150055
 -0.00484168   0.00230262
-0.000271898   -0.0078531
  0.00103816  -0.00178035
  0.00515553  -0.00749928
  0.00267414  -0.00853351
  0.00168483   0.00448705
  -0.0110923   0.00507667
 -0.00153047   0.00699922
 -0.00154369    0.0064265
  0.00188135  -0.00742823
 -0.00264162  -0.00435057
  0.00662021    0.0161923
  0.00270021  -0.00512209
  -0.0053624  -0.00237198
 -0.00242911  -0.00507089
  0.00415929 -0.000565543
-0.000713583  0.000596395
 0.000116596   0.00250059
-0.000517433   0.00516587
  0.00112691  -0.00554097
  0.00341031  -0.00360563
  0.00137798   0.00975484
  -0.0010062  -0.00282192
   -0.001331  -0.00691119
 -0.00383501   0.00242876

real    535m34.706s
user    63524m29.446s
sys     9m51.739s
