time taskset -c 0-127 ./rbm-matfree-N22-M88-K2-opt -c 128 --model trappedion -h 1 -n 100 -m 200 --tol 1e-4 --reglam-init 4 --reglam-decay 0.9 --reglam-cutoff 0.2
Random seed is 1464131088
 -0.92628 -0.839697
-1.23757 -1.18849
 -1.4001 -1.34912
-1.45576 -1.40578
-1.48795 -1.43826
-1.51007 -1.46134
-1.52516 -1.47675
-1.53435 -1.48905
-1.54266 -1.49892
-1.54902 -1.50626
 -1.5538 -1.51328
 -1.5571 -1.51814
 -1.5601 -1.52241
 -1.5621 -1.52593
-1.56344 -1.52967
-1.56483 -1.53289
-1.56553 -1.53507
-1.56643 -1.53734
-1.56681 -1.53978
 -1.5676 -1.54131
-1.56764 -1.54284
-1.56865 -1.54485
-1.56868 -1.54648
-1.56851 -1.54694
-1.56889 -1.54807
-1.56902 -1.54956
 -1.5687 -1.55034
-1.56922 -1.55146
-1.56938 -1.55218
-1.56959 -1.55314
-1.56963 -1.55403
 -1.5698 -1.55478
 -1.5697 -1.55512
-1.56963 -1.55527
-1.56986  -1.5562
-1.56989 -1.55638
-1.56993 -1.55695
-1.56985 -1.55747
 -1.5699 -1.55775
-1.57028 -1.55801
-1.57008 -1.55833
-1.57058 -1.55875
-1.57017 -1.55894
-1.57041 -1.55923
-1.57055  -1.5594
 -1.5703 -1.55978
-1.57038 -1.55998
-1.57069 -1.55996
-1.56996 -1.55979
-1.57025  -1.5599
-1.57033 -1.56058
-1.57069 -1.56039
-1.57043 -1.56058
-1.57067 -1.56107
-1.57035 -1.56092
-1.57042 -1.56078
-1.57042 -1.56072
-1.57023 -1.56088
-1.57051 -1.56094
-1.57003 -1.56082
-1.57063 -1.56125
-1.57083 -1.56132
 -1.5706 -1.56123
-1.57028  -1.5613
-1.57037 -1.56149
-1.57051  -1.5613
 -1.5706 -1.56137
-1.57065 -1.56155
-1.57074 -1.56142
-1.57103 -1.56151
-1.57051 -1.56116
-1.57089 -1.56152
-1.57086 -1.56179
-1.57015 -1.56143
-1.57052 -1.56166
-1.57048 -1.56181
-1.57039  -1.5615
-1.57094  -1.5619
-1.57055 -1.56171
-1.57086 -1.56162
-1.57086 -1.56196
-1.57058 -1.56133
-1.57082  -1.5619
-1.57067 -1.56172
-1.57053 -1.56169
-1.57078 -1.56188
-1.57044 -1.56166
-1.57089 -1.56183
Converged after 88 steps.
<sx(0) sx(i)> =
       1        1
0.851609 0.850913
0.618445  0.62482
0.647846 0.634183
0.663288 0.661695
0.600259 0.548746
0.576098 0.530016
0.547454 0.465972
0.498431 0.396625
0.515881 0.414224
0.460751 0.307461
0.464736 0.311234
0.523702 0.418631
0.507813 0.400677
0.548976  0.47518
0.577305 0.535757
0.587431 0.548533
0.657349 0.660899
 0.62312 0.619187
0.607215 0.627803
 0.56721 0.579963
0.678813 0.682433
<sz(0) sz(i)> =
          1           1
  -0.544675    -0.54431
   0.238124    0.246173
 -0.0939132  -0.0846024
 -0.0610817  -0.0682152
  0.0399312   0.0216313
 -0.0181581 -0.00434185
 -0.0377631  -0.0259869
  0.0130343  0.00915318
  0.0256775  0.00166622
 -0.0268004  -0.0185121
  0.0203751   0.0163437
 -0.0304386   -0.014952
 -0.0357089  -0.0167129
  0.0230469   0.0103906
  0.0116475  0.00757128
 -0.0219786 -0.00520893
  -0.011053 -0.00965008
  0.0103732  0.00556431
 -0.0158045  -0.0270861
  0.0124491   0.0211446
 -0.0151709  -0.0300635

real    14m1.322s
user    1793m12.319s
sys     0m2.638s
