taskset -c 0-127 ./rbm-matfree-N32-M128-K2-opt  -c 128 --model trappedion -h 1 -n 100 -m 400  --tol 1e-4 --reglam-init 4 --reglam-cutoff 0.2
Random seed is 70844395
-0.865253 -0.782929
-1.27191 -1.20715
-1.45311 -1.40724
-1.49828 -1.45757
-1.52254 -1.48537
-1.53846 -1.50375
-1.54876 -1.51584
-1.55651 -1.52406
-1.56183 -1.53007
-1.56566 -1.53465
-1.56852 -1.53832
-1.57076 -1.54104
-1.5723 -1.5428
-1.57353 -1.54483
-1.57455 -1.54601
-1.57531 -1.54722
-1.57568 -1.54797
-1.57634 -1.54895
-1.57651 -1.54982
 -1.5771 -1.55021
-1.5771 -1.5506
-1.57739 -1.55114
 -1.5774 -1.55159
-1.57772 -1.55189
 -1.5777 -1.55229
-1.57773 -1.55239
-1.57784 -1.55257
-1.57799 -1.55306
-1.57829 -1.55327
-1.57815 -1.55351
-1.57831 -1.55369
-1.57816 -1.55378
-1.57821   -1.554
-1.57857 -1.55428
-1.57837 -1.55447
 -1.5784 -1.55438
-1.57857  -1.5545
-1.57843 -1.55452
-1.57847 -1.55466
-1.57849  -1.5549
-1.57868 -1.55512
-1.57852  -1.5551
-1.57846 -1.55539
-1.57873 -1.55551
-1.57863 -1.55546
-1.57881 -1.55565
-1.57872 -1.55564
Converged after 47 steps.
<sx(0) sx(i)> =
       1        1
0.887621 0.833793
0.632353 0.528109
0.681494 0.578413
 0.63517 0.599095
0.614588   0.4046
0.624319 0.608431
0.614859 0.423527
 0.56993 0.525128
0.650169 0.566745
0.618286 0.574173
 0.59913 0.571286
0.673598   0.6563
 0.65586 0.611075
0.618042 0.573021
 0.66962 0.638719
0.663771 0.623593
 0.62064 0.600911
0.657933 0.602718
0.673541 0.651068
0.595218 0.581576
0.624342 0.564559
0.639482 0.623074
0.579482 0.465827
0.612016 0.551005
0.628179 0.536325
0.608377 0.547495
0.628062 0.567372
0.666258 0.623239
 0.63312 0.564273
0.612936 0.498593
0.691485 0.620776
<sz(0) sz(i)> =
          1           1
  -0.534796    -0.56204
   0.165448    0.244435
 -0.0363633   -0.156957
 -0.0976195   -0.151248
  0.0252441    0.198154
   0.041515   0.0221959
 -0.0327689   -0.192934
 -0.0300877    0.040283
  0.0148842    0.118631
 0.00349344  -0.0406809
-0.00753707  -0.0528536
 -0.0141759  -0.0198476
  -0.013607    0.014232
  0.0052663   0.0348509
 -0.0061698  -0.0334786
-0.00707955  -0.0420611
 0.00232734   0.0048211
-0.00904827    0.040728
-0.00818789  -0.0063043
 0.00786917 -0.00314261
-0.00353169  -0.0904917
-0.00950316   0.0246985
-0.00829828    0.122673
-0.00201414  -0.0859155
 0.00348393   -0.102273
 0.00373534   0.0872803
-0.00572628   0.0541638
  0.0020891  -0.0687688
   0.006099  -0.0100834
 -0.0143869   0.0308713
 0.00309077  -0.0203955
