time taskset -c 0-127 ./rbm-matfree-N124-M496-K2-opt -c 128 --model trappedion -h 1 -n 100 -m 400 --tol 1e-8 --reglam-init 40 --reglam-decay 0.9 --reglam-cutoff 0.2
Random seed is 1114733825
-0.984153 -0.968795
 -1.13717 -0.728444
-1.36245 -1.30552
-1.44272 -1.43289
-1.48807  -1.4824
-1.52093 -1.51454
-1.54411 -1.53903
-1.56275 -1.55826
-1.57721 -1.57281
-1.59028  -1.5858
-1.60006 -1.59622
-1.60994 -1.60585
-1.61708 -1.61352
-1.62368 -1.62018
-1.62946 -1.62584
-1.63432 -1.63113
-1.63848 -1.63507
-1.64215 -1.63888
-1.64517 -1.64182
-1.64772 -1.64462
-1.65003 -1.64673
-1.65188 -1.64884
-1.65327 -1.65041
-1.65488 -1.65198
-1.65588 -1.65315
-1.65689 -1.65406
-1.65743 -1.65506
-1.65826 -1.65548
-1.65874 -1.65626
-1.65911 -1.65684
-1.65955 -1.65724
-1.65977 -1.65761
-1.66015 -1.65802
-1.66025 -1.65818
-1.66063 -1.65861
-1.66047 -1.65863
-1.66078 -1.65885
-1.66091 -1.65897
-1.66099   -1.659
-1.66102 -1.65908
-1.66099 -1.65926
-1.66119 -1.65926
-1.66109 -1.65929
-1.66124 -1.65936
-1.66125 -1.65959
-1.66135 -1.65952
-1.66133 -1.65948
-1.66145 -1.65958
-1.66147 -1.65964
-1.66149 -1.65969
-1.66142 -1.65964
-1.66145 -1.65976
-1.66151 -1.65971
-1.66164 -1.65976
 -1.6616 -1.65988
-1.66146 -1.65986
-1.66149 -1.65969
-1.66158 -1.65988
-1.66152 -1.65983
-1.66155  -1.6599
 -1.6615 -1.65992
-1.66153 -1.65985
-1.66157 -1.65991
-1.66157 -1.66006
-1.66154 -1.65984
-1.66163  -1.6599
-1.66152 -1.65981
-1.66161 -1.66005
-1.66163    -1.66
-1.66156 -1.65998
-1.66184 -1.66017
-1.66158 -1.66002
-1.66164 -1.65996
-1.66164 -1.66009
-1.66178 -1.66024
-1.66178 -1.66017
-1.66163    -1.66
-1.66178 -1.66011
-1.66167 -1.66017
 -1.6618 -1.66016
 -1.6617 -1.66007
-1.66163    -1.66
-1.66165 -1.66005
-1.66186 -1.66017
-1.66193  -1.6602
-1.66171  -1.6602
-1.66172  -1.6602
-1.66175 -1.66013
-1.66168 -1.66013
-1.66174 -1.66015
-1.66182 -1.66025
-1.66179  -1.6602
-1.66182 -1.66029
-1.66177 -1.66015
-1.66183 -1.66024
-1.66175 -1.66027
-1.66175 -1.66025
-1.66177 -1.66024
-1.66177 -1.66028
-1.66182 -1.66035
<sx(0) sx(i)> =
       1        1
0.809406 0.810258
0.785501 0.785127
0.698069 0.694549
0.689386   0.6898
0.686381 0.681149
0.674193 0.676945
0.711702 0.711588
0.698345 0.704472
0.691676 0.689855
 0.68083  0.68219
0.660045 0.656132
 0.67747 0.676947
0.727231 0.722959
0.723567 0.721221
0.698938 0.701458
0.694399 0.687896
0.733042  0.73006
 0.70936 0.704066
0.643979 0.641406
  0.6642 0.661322
0.632702 0.631855
0.710273 0.706221
0.715496 0.710534
0.654444 0.654778
0.674587 0.674575
0.672618 0.678841
0.703258 0.705137
0.687367 0.688934
0.672498 0.674225
0.683748 0.680112
0.686697 0.686203
 0.68774 0.687978
0.672156 0.668385
0.673758 0.675045
0.688504 0.693141
0.680539 0.678208
0.673506 0.670132
0.651143 0.634349
0.678342 0.678449
0.677297 0.677315
0.671855 0.673726
0.668178 0.668454
0.623802 0.591666
0.658668 0.659337
0.643872 0.631848
0.654388 0.653989
0.639478 0.636068
 0.59918 0.539663
0.660179 0.655548
0.595999 0.551111
0.628117 0.623652
0.598301 0.589356
0.572551 0.478966
0.659006 0.655021
0.547179 0.461273
0.607277 0.604083
0.554407 0.549434
0.563465 0.445784
0.657078 0.658103
0.523051 0.405552
0.529433 0.535811
0.600514 0.601898
0.521607 0.397512
0.656033 0.654353
 0.55532 0.447918
 0.54888 0.548019
0.610191 0.601016
0.545545 0.455395
0.658982 0.649039
0.569085 0.481341
0.590132 0.586259
0.628622 0.621133
0.597019 0.547791
0.657015 0.654369
0.596144 0.535298
0.635141 0.627794
0.650787 0.649056
0.648329 0.627135
0.660656 0.657458
0.626468 0.586579
0.661029 0.655892
0.668463 0.671099
0.676816 0.671145
0.679966 0.672033
  0.6544 0.632365
0.671409 0.671424
0.679025  0.67889
 0.68968 0.684329
0.677606 0.675864
 0.67673 0.666767
0.685224  0.68343
 0.68462 0.690802
0.678294 0.684295
0.668652 0.671676
0.686548 0.685004
0.704464 0.702277
0.678638 0.674895
0.667122  0.67317
0.658693 0.649407
0.707206 0.708329
0.710953 0.707372
0.630014 0.627366
  0.6632 0.659195
0.640337 0.637362
0.709206  0.70329
0.725288 0.730329
0.686048 0.687271
0.698172 0.701458
0.722854 0.718442
0.722652 0.724455
0.678753 0.681551
0.655552 0.660643
0.677293 0.679174
0.690623 0.688888
0.699757  0.69984
0.706663 0.706306
0.673333 0.666216
0.679047 0.671824
 0.69177 0.691391
0.695881 0.687069
0.714014  0.71418
0.690666 0.690649
 0.79254 0.789985
<sz(0) sz(i)> =
           1            1
   -0.297737    -0.298083
   -0.198003    -0.198482
   0.0978687    0.0977172
   0.0257144    0.0183481
   -0.056079   -0.0569679
  -0.0181662   -0.0218338
  -0.0291287   -0.0332932
-0.000251661   0.00275166
   0.0228276     0.023813
  0.00167987  -0.00742206
  -0.0153896   -0.0185557
 -0.00406479  0.000900724
  -0.0188783  -0.00967635
   -0.017409  -0.00544257
 -0.00181967    0.0100619
 0.000377748   0.00255194
 -0.00570446  -0.00484242
 -0.00134921  -0.00224454
 -0.00558476   -0.0072668
  0.00151012  -0.00377575
  0.00262889  -0.00387889
 -0.00901986   -0.0044567
  -0.0045699 -0.000391042
 -0.00101487   0.00156174
 -0.00484707  -0.00011387
 -0.00756207  -0.00239887
 0.000182645  -0.00600296
  -0.0026151  -0.00472865
  0.00437487  -0.00281237
  0.00275168   0.00537332
 -0.00317205   0.00200017
  0.00419366  -0.00368585
 -0.00267164  -0.00361742
   0.0016088  -0.00180411
  0.00646555  0.000292263
  -0.0033209  -0.00765566
  0.00266501   0.00393655
  0.00119068  -0.00767505
 -0.00166876 -8.90512e-05
 5.66031e-05   0.00158402
 -0.00271705   -0.0118533
 -0.00788926   0.00827988
  0.00295415 -0.000610404
  0.00540155   0.00553595
 -0.00416816  -0.00473809
 -0.00947308   0.00240276
  0.00485166  -0.00520322
 -0.00686815  0.000618154
  0.00419983  -0.00912171
 0.000478761  -0.00133814
  0.00442402    0.0032713
 -0.00272487   -0.0023142
  0.00455477  -0.00373446
  0.00298201   0.00260393
 -0.00730804 -0.000738838
  -0.0102402  -0.00124418
  0.00434923  0.000924203
 -0.00128194 -0.000671182
   0.0010922  -0.00300626
  0.00367353  -0.00175946
 0.000654828  -0.00202202
  0.00272522   0.00473572
  0.00282745   0.00373505
 -0.00597397   0.00464584
 0.000759569  -0.00259551
  0.00506607  -0.00291763
 0.000995082  -0.00482321
   0.0016637   0.00314099
 -0.00460205  -0.00735108
 -0.00868426   -0.0026048
 -0.00656086   0.00159992
  0.00270671  -0.00235514
 0.000816433   0.00242575
  0.00228237   0.00537388
   0.0027891   0.00224996
 -0.00246176   0.00519613
  0.00234604   0.00273209
 0.000379157  -0.00139478
 -0.00123923  -0.00356546
 -0.00438817 -6.49527e-05
 -0.00367787  -0.00171276
 0.000824965  -0.00406715
 -0.00309809   0.00266841
  0.00129258  -0.00406602
  0.00335562 -0.000308743
 -0.00738283  0.000625014
    0.010441  -0.00122225
  0.00308808 -0.000744333
 -0.00839541  -0.00726865
  0.00545101   0.00208805
 -0.00553628  -0.00965903
 -0.00176589   0.00422683
  0.00312472  -0.00218722
  0.00428035  -0.00197566
 -0.00791892  -0.00458108
  0.00305712  -0.00426806
 -0.00269511  -0.00238302
 -0.00970681   0.00693337
  0.00467496  -0.00154996
-9.93876e-05   0.00295095
  0.00463461 -0.000454923
 -0.00439077  0.000757955
  0.00516485   0.00448358
 -0.00357588   0.00181806
 -0.00808691  -0.00242091
 -0.00593341  -0.00949628
  0.00431477  -0.00216633
 -0.00339952  0.000665146
  0.00284073  -0.00280167
  0.00627663   0.00149681
 -0.00794794  -0.00314581
  0.00270251 -0.000475947
  0.00161132  -0.00661132
  -0.0109016  -0.00741872
  0.00674947  0.000477094
 -0.00370558   0.00343215
   -0.002338   0.00253331
 -0.00250359   0.00547234
   0.0109724  -0.00472237
-0.000658709  -0.00293504
 -0.00272065   -0.0018106
  0.00619721   0.00263091
 0.000944272   0.00120417

real    1151m56.001s
user    140686m35.800s
sys     6m10.207s
