time taskset -c 0-127 ./rbm-matfree-N256-M512-K2-opt -c 128 --model trappedion -h 2 -n 100 -m 400 --tol 1e-5 --reglam-init 80 --reglam-cutoff 0.2
Random seed is 3912597068
-1.97309 -1.96128
 -1.9821 -1.88086
-1.95964 -1.37997
-2.21928 -2.20783
-2.31291 -2.29584
-2.36077 -2.34542
-2.39054 -2.37644
-2.41332 -2.40034
-2.43013   -2.417
-2.44298 -2.43066
-2.45473 -2.44225
-2.46379  -2.4516
-2.47192 -2.45956
-2.47857 -2.46634
 -2.4845 -2.47237
-2.48937 -2.47721
 -2.4938 -2.48146
-2.49781 -2.48573
-2.50101 -2.48909
-2.50426 -2.49232
 -2.5067 -2.49496
-2.50943 -2.49727
-2.51136 -2.49969
-2.51334 -2.50142
-2.51488 -2.50307
-2.51638 -2.50485
-2.51774 -2.50622
 -2.5188 -2.50729
-2.51962 -2.50846
-2.52042 -2.50936
-2.52123 -2.51017
-2.52178 -2.51093
-2.52248 -2.51176
-2.52294 -2.51218
-2.52336 -2.51269
-2.52375 -2.51317
-2.52383 -2.51343
-2.52429 -2.51373
-2.52437 -2.51398
-2.52455 -2.51419
-2.52468 -2.51437
-2.52477  -2.5145
 -2.5248 -2.51451
-2.52487 -2.51462
-2.52499 -2.51474
-2.52508 -2.51486
-2.52501 -2.51475
-2.52511 -2.51476
-2.52516 -2.51479
-2.52508  -2.5148
-2.52518 -2.51483
-2.52508 -2.51465
 -2.5252 -2.51475
-2.52515 -2.51465
-2.52514 -2.51474
-2.52514 -2.51459
-2.52504 -2.51457
-2.52512 -2.51461
-2.52501  -2.5145
-2.52503  -2.5144
-2.52513 -2.51461
-2.52501 -2.51449
-2.52502  -2.5145
-2.52508 -2.51456
-2.52513 -2.51456
-2.52505 -2.51459
-2.52511  -2.5146
-2.52517 -2.51461
-2.52518  -2.5147
-2.52524  -2.5148
-2.52515 -2.51475
-2.52514 -2.51473
-2.52527 -2.51483
-2.52523 -2.51482
-2.52516 -2.51488
-2.52516  -2.5148
-2.52526 -2.51493
 -2.5252 -2.51497
-2.52516 -2.51498
-2.52528 -2.51508
-2.52526 -2.51507
-2.52538 -2.51514
-2.52524 -2.51515
 -2.5253 -2.51516
-2.52528 -2.51517
-2.52533 -2.51524
-2.52538 -2.51524
-2.52532 -2.51521
-2.52532 -2.51522
 -2.5254 -2.51534
-2.52533 -2.51529
-2.52542 -2.51527
-2.52539 -2.51531
-2.52534 -2.51533
-2.52538  -2.5154
 -2.5254 -2.51538
-2.52537 -2.51532
-2.52539 -2.51543
-2.52544 -2.51542
-2.52543 -2.51551
<sx(0) sx(i)> =
       1        1
0.929887 0.928441
0.920968  0.92151
0.863871 0.863148
0.881425 0.880873
 0.87825  0.87487
0.850757  0.85039
0.855264 0.853778
0.876806  0.87355
0.873425 0.870446
0.859853 0.858101
0.855442 0.858316
0.874188  0.87106
0.868171 0.867835
0.847533 0.844483
0.853999  0.85275
0.840059 0.841078
0.866165 0.864757
0.866935 0.869657
 0.85335 0.852676
0.850547 0.845521
0.853765 0.850507
0.862261 0.861798
0.845562 0.848579
 0.85988 0.860112
0.842162 0.838752
0.852581 0.850154
0.842265 0.840886
0.865605 0.859183
0.863299 0.857967
0.843568 0.840636
0.837661 0.831689
0.846664 0.838548
0.851107 0.846785
0.864168 0.861304
0.840333 0.836319
0.863838 0.862968
0.850098 0.846064
0.844395 0.840975
0.847902 0.846738
0.843161 0.843965
0.866396 0.861062
0.853066 0.850223
0.845419 0.835089
0.839341  0.83116
0.847956 0.841465
0.848832 0.839857
0.833218 0.805831
 0.85262 0.852329
0.864533  0.85881
0.830253 0.817505
0.844897 0.838643
0.842726 0.837727
0.848425  0.85202
0.840315 0.842245
0.860636 0.862675
0.860206 0.854812
0.841565 0.838468
0.841664 0.840297
  0.8419 0.841946
0.842961 0.844818
0.839673 0.843263
0.836865 0.836921
0.856922 0.857683
0.841167 0.843412
 0.85933 0.832954
0.838272 0.819071
0.833961 0.842629
0.846254 0.847607
0.835806 0.829363
0.843687 0.843965
0.853496 0.856187
0.854264 0.802285
0.832633 0.763534
0.839511  0.84214
0.844054 0.841342
0.838709 0.839329
 0.83994 0.844934
0.849907  0.85205
0.828476 0.732123
0.855428 0.786104
0.836244 0.835408
0.846903 0.849313
 0.84024 0.841937
0.832816 0.834976
0.855712 0.858255
0.830989 0.763508
0.837078  0.83652
0.826203 0.827562
0.854491 0.796917
0.836919 0.825777
0.836229  0.83415
  0.8348 0.834418
0.841039 0.837324
0.836519 0.837026
 0.86516 0.865463
0.837221 0.838701
0.857856 0.836645
0.835341  0.83266
0.836813 0.835783
0.843111 0.843023
0.843272 0.839745
0.837889 0.832108
0.841464 0.842898
 0.85621  0.85067
0.860325 0.858866
0.839162 0.839644
0.835599 0.834715
0.840886 0.843505
0.845761 0.842686
0.834776 0.836782
0.835596 0.837196
0.852286 0.838748
0.857071 0.855803
0.839336 0.838511
0.832546 0.835011
0.833248 0.817179
0.843596 0.842087
0.833674 0.834031
 0.83866 0.838757
0.857318  0.84784
0.853784 0.836279
0.838109 0.834308
0.833213 0.834034
0.830266 0.802911
 0.84391 0.843959
0.833278 0.832377
0.837867 0.838783
0.834273 0.828811
0.835787 0.832354
 0.83555 0.832485
0.857252 0.852259
 0.85724 0.848811
0.840503  0.83929
0.833778 0.824307
0.841103 0.833951
0.839477  0.84154
0.835021 0.832913
0.836825 0.832674
0.855954 0.857059
0.857829 0.858124
0.837045  0.83774
0.834913 0.832213
0.845429 0.843674
 0.84012 0.841087
0.835337 0.836516
0.836927 0.834996
0.854287  0.85403
0.857471 0.861438
0.839318 0.840077
0.831471 0.837507
0.844889 0.847304
0.842527 0.843802
0.836237 0.836536
0.838561 0.843524
0.855321 0.856465
0.838197 0.839895
0.864017 0.867577
0.835932 0.830886
0.845054 0.847732
0.833126 0.834996
0.835228 0.838487
0.841756  0.83693
0.856885 0.853508
0.824992 0.822467
0.837934 0.831817
0.841248 0.843382
0.855068 0.857061
0.826575 0.823675
0.839197 0.817754
0.847173  0.84764
0.858212 0.838174
0.832135 0.837051
0.835335 0.811373
0.848591 0.848437
0.836798 0.835509
0.838064 0.822967
0.842525 0.845754
0.831876 0.829126
0.827889 0.760537
 0.85317 0.813859
0.855523 0.853401
0.839465 0.842484
0.840216 0.835325
0.844884 0.846585
0.834588 0.822106
0.826435 0.744166
0.850191 0.808148
0.837545 0.836844
0.856904 0.856651
0.844765 0.840375
0.838655 0.835988
0.845771 0.847481
0.838285 0.803775
0.854569 0.821105
  0.8395 0.832076
0.839905 0.836066
0.856647 0.858228
0.846515 0.844035
0.839755 0.839393
0.846614 0.846268
 0.86197  0.85291
0.841137 0.829966
0.840568 0.836924
 0.85844 0.857876
0.847518 0.843625
0.834025 0.822665
0.845312 0.843023
 0.83945 0.832594
0.840753 0.833355
0.867065 0.869378
0.862263 0.860727
0.832549 0.827586
0.837384 0.830974
0.849331 0.841443
0.830293 0.817171
0.843301 0.834458
0.861345 0.861482
0.864173 0.865289
0.839716 0.834162
0.849588 0.844933
0.849197 0.845397
 0.84489 0.843198
 0.86414 0.866314
0.868606 0.863222
0.842611 0.840345
0.847287 0.843045
0.849506 0.846399
0.836094 0.829918
0.833912 0.823331
0.866085  0.87111
0.861856 0.860334
0.847765   0.8512
0.843486 0.845118
0.856642 0.855721
0.862631  0.86736
0.864357 0.868752
0.841896 0.844904
0.854235 0.853597
0.843596 0.845133
0.862109 0.860363
0.863333 0.864034
0.853585 0.852158
0.860057 0.859049
0.866318 0.864897
0.874425 0.870901
0.857848 0.856166
0.847829  0.84898
0.866732 0.865341
0.854736 0.856439
0.881381 0.884897
0.872085 0.869768
0.855037 0.853727
0.880228 0.877037
0.870615  0.87048
0.895618 0.894632
<sz(0) sz(i)> =
           1            1
    -0.21103    -0.200259
   -0.176695    -0.175805
   0.0139819   0.00414306
  -0.0161738   -0.0160137
  -0.0122783   -0.0132686
 -0.00837003  -0.00221591
 -0.00193026  -0.00666349
  -0.0133622    -0.018669
 -0.00648883  -0.00972211
-0.000551494  -0.00237819
 -0.00570622  -0.00831722
   -0.010157  0.000742959
 0.000752813  -0.00227625
 -0.00890718  -0.00488189
 -0.00159947  -0.00172084
  0.00894093   0.00445751
 -0.00242118  -0.00808663
 -0.00881785   -0.0157915
 -0.00105006  -0.00473119
 -0.00355754  -0.00359089
 -0.00323951 -0.000666738
 -0.00559576  -0.00166986
 -0.00408342  -0.00326033
  0.00330244   -0.0014665
  0.00232316  -0.00244035
  0.00302124    0.0038147
 -0.00774548  -0.00213733
  0.00245444  -0.00139975
 -0.00339971  -0.00417841
 -0.00718791  -0.00480427
 0.000417233 -0.000846921
  0.00608749   0.00500626
 -0.00186615  -0.00278229
  0.00442996  0.000218474
   0.0023157  -0.00184695
  0.00188649  -0.00637868
 0.000748266   0.00284548
-0.000532917  -0.00509208
 -0.00539719    -0.009095
 -0.00125377 -0.000230609
 -0.00666203   -0.0029864
 -0.00370096   0.00627909
 -0.00396554   0.00310617
  0.00697174   0.00334076
 -0.00151889 -0.000590489
 -0.00993473   0.00419254
 -0.00556164  -0.00061023
 -0.00212556 -0.000686942
  0.00269381   -0.0049985
  0.00220856  -0.00298981
  0.00225384   0.00204304
 -0.00195293   -0.0018752
 0.000323445  -0.00219845
  0.00560623    0.0105266
 -0.00573447  0.000929787
 -0.00319577  -0.00602298
  0.00702055  -0.00412992
  -0.0053933   -0.0112864
  0.00465426   0.00253324
  0.00416235   0.00560328
 -0.00257223   0.00429098
 -0.00187605  -0.00511613
 -0.00540075   0.00297888
 -0.00119351 -0.000798682
 -0.00731495  -0.00209912
 -0.00121603  -0.00171366
 -0.00242888    0.0051242
  0.00586467  -0.00418498
  0.00056804   0.00365071
  0.00134299 -0.000327362
-5.50406e-05  9.41031e-05
  0.00661954   0.00654453
 -0.00416626  -0.00583374
   0.0057781   -0.0023406
  0.00629065 -0.000392212
 -0.00707308 -0.000348797
 -0.00885991   0.00468022
 -0.00959073  -0.00224521
  0.00140032   0.00402937
  0.00283604    0.0105233
 -0.00047338   0.00402807
   0.0111549    0.0116967
 -0.00629102  -0.00995898
-0.000516838  -0.00221754
  0.00321261  -0.00372042
 -0.00288041   0.00901322
 -0.00148721  -0.00425498
  0.00714131  -0.00303975
  0.00284689 -0.000581267
-0.000824735  -0.00245652
 -0.00644177 -0.000823858
  -0.0081873  -0.00442989
   0.0102046 -0.000438998
  0.00203026   0.00175881
   0.0034053   -0.0043428
  0.00370201  -0.00460045
 -0.00822786  -0.00739714
  0.00107339  -0.00525308
 -0.00509679   -0.0102157
 -0.00209326   0.00256201
 0.000507356  -0.00355423
  0.00899027  -0.00293558
   0.0010174   0.00140448
 -0.00147571   0.00612415
  -0.0031048   0.00099543
  0.00894686   0.00417814
-0.000722777   1.9652e-05
 -0.00268627  -0.00211842
 -0.00281454   0.00586141
 -0.00389538  -0.00219837
 2.22628e-05   0.00654024
 -0.00479649   -0.0116488
-0.000130255  -0.00701818
  0.00424421   -0.0059239
 -0.00306007   0.00223976
  0.00638067   0.00346308
 -0.00376866  -0.00177821
 -0.00321357  -0.00147393
 -0.00169556  0.000914308
 0.000658369   0.00625569
  0.00552612   0.00384888
 -0.00346571  -0.00442492
  0.00117492   0.00132508
 -0.00121286   0.00156442
   0.0042235 -0.000161002
 -0.00601642  -0.00632733
  0.00252145  -0.00759958
 0.000304694   0.00293749
 -0.00394145  -0.00832417
  0.00200893  -0.00443081
 -0.00318125  -0.00552968
 -0.00364698   0.00536573
  0.00149205   0.00362514
 0.000983163 -0.000397225
 -0.00360645  0.000754888
  0.00286595  -0.00134251
 -0.00369003 -0.000411537
 -0.00738149  0.000858048
-9.13242e-05   0.00899757
 -0.00788056  -0.00391632
  0.00383199  -0.00785543
  0.00608814    0.0048103
  0.00427251   0.00178218
 -0.00129056  -0.00105319
 0.000511112 -8.14247e-05
   0.0044388   -0.0115482
 -0.00392205  9.39256e-05
 -0.00272121   0.00131496
 -0.00098731    0.0115342
 -0.00188414  -0.00331117
-0.000656578  -0.00414811
  0.00642222  0.000609029
  0.00284337  0.000359753
 -0.00594238  -0.00335449
-0.000101659   0.00236728
  0.00575151 -0.000868695
  0.00409406   -0.0056175
-6.50149e-05   0.00885408
 -0.00631837  -0.00458006
 -0.00106785  -0.00389308
  0.00115763   0.00142049
 -0.00717862  -0.00516513
-5.59906e-05   0.00259505
  0.00639336   0.00126289
 -0.00682858  0.000148893
-0.000942659  -0.00479953
 -0.00586492   0.00176336
 -0.00193233  -0.00130986
  0.00792251   0.00504624
 2.81666e-05 -0.000692229
 -0.00275253   0.00173691
-0.000932215  7.28398e-05
  0.00387517   0.00225764
  0.00995648   0.00742634
 -0.00179833   0.00293114
 -0.00451279 -0.000604402
 -0.00521504   0.00111348
 0.000989265  -0.00950489
  0.00171851    0.0109768
 7.71411e-05   -0.0044912
-0.000713026   0.00895521
   0.0038391   0.00432497
  0.00451139  -0.00107389
 -0.00751496  -0.00451629
  0.00249865   0.00336072
  0.00485923  -0.00786705
 -0.00163162   0.00292068
 -0.00293204  -0.00656015
 -0.00700872  -0.00197566
  0.00508252   0.00573779
 -0.00261404   0.00472341
  0.00402249   0.00933688
 -0.00768359    0.0028789
  0.00211238  -0.00047176
-0.000623473  -0.00339996
  0.00640139  0.000239237
  0.00126375  0.000220626
 -0.00151491  -0.00489134
 -0.00202643   0.00456549
 -0.00351744  -0.00359193
 -0.00185903  -0.00552378
-0.000203138  -0.00452342
  0.00332146  -0.00367303
    0.001804  0.000539748
  0.00660902 -7.45519e-06
 -0.00277362  -0.00414045
  0.00795298   -0.0037733
 -0.00662386 -0.000173015
 -0.00506579   0.00428454
 -0.00701774  0.000338049
 -0.00153648   0.00399742
  0.00437789  -0.00203414
  0.00106416   -0.0025876
  0.00811596    0.0078606
 -0.00786214  -0.00108317
 -0.00645685   0.00282404
  0.00232634  -0.00377165
 0.000202963  -0.00739046
   0.0103794   0.00286274
 0.000726214    0.0019691
  0.00124623  -0.00507436
  0.00776344   0.00438499
  0.00186671   0.00512547
  -0.0039107  -0.00425336
  0.00255783   0.00228592
-0.000304636   -0.0090313
  0.00175397   0.00605853
 -0.00586139  -0.00663861
  0.00802281  -0.00685093
  -0.0031754  -0.00647304
  0.00328236  -0.00363392
 -0.00383639   0.00621921
 -0.00129558    0.0071159
 0.000205366   0.00147432
 -0.00511582   0.00742051
  0.00241172  -0.00561485
 -0.00362197  -0.00438584
 -0.00217599    0.0017463
    0.001785  -0.00354282
  0.00121369  -0.00344025
  0.00542371   0.00125598
 2.09398e-05   0.00615094
 -0.00502159    -0.012205
 -0.00686532   0.00198251
 -0.00838845  -0.00243186
  0.00237046   0.00512954
 -0.00690541   -0.0032899
  0.00656852   0.00636116
 -0.00278424  -0.00440326
 -0.00758931  -0.00401225
 -5.0158e-05  0.000948595
   0.0031311  -0.00266235
  0.00238974  -0.00285849
  0.00580422  -0.00189797
 -0.00449706  -0.00206544

real    3172m45.097s
user    369750m40.433s
sys     36m24.356s
