time taskset -c 0-127 ./rbm-matfree-N104-M416-K2-opt -c 128 --model trappedion -h 1 -n 100 -m 400 --tol 1e-5 --reglam-init 40 --reglam-cutoff 0.2
Random seed is 3746710855
-0.982117 -0.932953
 -1.13571 -0.744117
-1.36904 -1.28365
-1.44054 -1.42382
-1.48127 -1.47402
-1.51321 -1.50805
-1.53686 -1.53099
-1.55466  -1.5492
-1.56945 -1.56385
-1.58214 -1.57501
-1.59202 -1.58599
-1.60024  -1.5935
-1.60714 -1.60072
-1.61361 -1.60722
-1.61859 -1.61211
-1.62317 -1.61685
-1.62705 -1.62075
-1.63029 -1.62377
-1.63351 -1.62657
-1.63554 -1.62904
 -1.6376 -1.63089
-1.63934 -1.63253
-1.64048 -1.63374
  -1.642 -1.63514
-1.64293 -1.63616
 -1.6436 -1.63701
-1.64448 -1.63762
-1.64483 -1.63814
-1.64535  -1.6385
-1.64589 -1.63899
-1.64619 -1.63939
-1.64622 -1.63952
-1.64667 -1.63969
-1.64675 -1.63993
-1.64706  -1.6402
-1.64705 -1.64016
 -1.6472 -1.64019
-1.64741 -1.64044
 -1.6474 -1.64055
-1.64739 -1.64041
-1.64745  -1.6405
-1.64754  -1.6406
-1.64747 -1.64069
-1.6476 -1.6406
-1.64762 -1.64069
-1.64765 -1.64069
-1.64754 -1.64068
-1.64758 -1.64067
-1.64774 -1.64079
-1.64766 -1.64088
 -1.6478 -1.64089
-1.64768 -1.64076
-1.64773 -1.64085
-1.64782 -1.64079
-1.64769 -1.64075
-1.64767 -1.64092
-1.64777 -1.64087
-1.64783 -1.64098
-1.64779 -1.64102
-1.64788 -1.64106
-1.64785   -1.641
-1.64789 -1.64086
-1.64788 -1.64111
-1.64775 -1.64104
-1.64781 -1.64101
-1.64777 -1.64086
-1.64776 -1.64107
-1.64783 -1.64105
 -1.6478 -1.64097
-1.64781 -1.64107
 -1.6478 -1.64106
-1.64783 -1.64118
-1.64787 -1.64125
-1.64777 -1.64101
-1.64789 -1.64119
-1.64795 -1.64118
-1.64783 -1.64117
-1.64791 -1.64116
-1.64797 -1.64122
-1.64785 -1.64121
-1.64789 -1.64125
-1.64787 -1.64123
 -1.6478 -1.64128
-1.64791 -1.64114
-1.64778 -1.64117
-1.64802 -1.64134
-1.64784 -1.64133
-1.64793  -1.6413
-1.64808 -1.64134
-1.64786 -1.64111
-1.64793 -1.64125
-1.64785 -1.64135
-1.64785 -1.64147
-1.64795 -1.64127
-1.64793 -1.64142
-1.64786 -1.64132
 -1.6479 -1.64131
-1.64792 -1.64142
-1.64794 -1.64136
-1.64805 -1.64138
<sx(0) sx(i)> =
       1        1
0.786378 0.784815
0.782559 0.780853
0.702888 0.704447
 0.70287  0.70123
0.674929  0.60919
0.727744 0.705938
 0.72315 0.700473
0.680552  0.61862
0.638196  0.59205
0.680201 0.622244
0.708369 0.701374
0.662641 0.637324
0.687067 0.631828
0.647307 0.654541
0.681718 0.674322
0.687934 0.625321
0.698957 0.694386
0.668628 0.650552
0.674205 0.669559
0.678313 0.631667
0.686054 0.685354
0.675962 0.604411
0.690539   0.6902
0.722867 0.721733
0.697711 0.695309
0.638327 0.540953
0.678699 0.638499
0.634398 0.575531
0.708431 0.657885
0.708803 0.695117
0.655438 0.620674
 0.68309 0.670265
0.682743 0.677921
0.714576 0.716155
0.692677 0.682676
0.671548 0.667247
0.682362 0.676815
0.687643 0.680634
0.703329 0.701042
0.699279 0.689611
0.668071 0.663794
 0.68769 0.682439
0.683588 0.683021
0.698945 0.692135
0.697849 0.685048
 0.68067 0.673395
0.691867 0.686512
0.690897  0.69006
0.694938   0.6862
0.680797 0.679175
0.698465 0.691409
0.693432 0.690295
0.688153  0.68584
0.677234 0.677261
0.692253 0.690097
0.698023 0.693259
0.694259 0.686548
0.690224  0.68097
0.676171 0.679701
0.700436 0.692142
0.704299 0.701485
0.692315 0.689175
0.690127 0.678409
0.672666 0.641564
0.706235 0.685761
0.705536  0.69327
0.685116 0.675152
0.683538 0.674935
0.657623 0.659725
0.698206 0.696356
0.717888 0.713428
0.665825 0.626485
0.673266 0.632969
0.649526 0.567803
 0.71278 0.701119
0.709904 0.667587
0.627994 0.605662
0.677716 0.640912
0.635638 0.637914
0.700283 0.696978
0.739502 0.733657
0.684619 0.674666
0.689847 0.685938
0.689381 0.686297
0.714596 0.709198
 0.66703 0.644983
0.696223 0.682929
0.702932 0.701159
0.658399 0.643293
0.713311 0.714907
0.653597  0.64447
0.710839 0.708167
0.684844 0.677554
0.701834 0.701875
0.693486 0.694365
0.685104 0.680458
0.700122 0.696602
0.691327 0.686263
  0.7224 0.718127
0.676113 0.674347
0.761524 0.757725
0.715858 0.717076
0.788154 0.789096
<sz(0) sz(i)> =
           1            1
   -0.237932    -0.238162
   -0.221817    -0.231074
   0.0628319    0.0594727
    0.059403    0.0504407
  -0.0397512   -0.0354051
   -0.040587   -0.0343349
  -0.0381759   -0.0291679
   0.0150674    0.0160654
-0.000305582   0.00346964
-0.000971094    -0.013443
  -0.0150559   -0.0200223
 -0.00881954  -0.00575078
 -0.00922963   0.00606557
 -0.00569358   0.00280295
  0.00365369     0.001151
 -0.00778998   -0.0105694
 -0.00179312  -0.00758188
 0.000185436  -0.00159169
 -0.00947573  -0.00103208
  0.00318528    0.0032991
 -0.00722188  -0.00668437
 -0.00184232  -0.00253268
  0.00269579   0.00160109
 -0.00540609   -0.0053361
 -0.00349832  0.000178012
 -0.00351424   0.00355331
 0.000176904   -0.0106066
 0.000877859  -0.00658098
  -0.0114734  -0.00278446
-0.000642307 -0.000334255
  0.00872605   0.00600051
  -0.0068089  -0.00549578
 -0.00934376  0.000828132
-0.000990105  -0.00639271
   0.0013113    0.0036887
  0.00166527  -0.00662621
 -0.00132721   0.00195221
  0.00358338   0.00290099
 -0.00344367  8.42951e-05
  0.00396446  -0.00314415
   -0.011451    0.0012166
  0.00399881 -0.000678493
 -0.00385843   0.00256936
 0.000483086 -0.000795586
 0.000853596 -0.000931721
  0.00631492  -0.00139304
 -0.00220531  -0.00263844
 -0.00806673 -0.000995771
 -0.00378709   0.00808396
 -0.00174161   0.00428067
-0.000848861   -0.0023152
  0.00069143  -0.00280081
  0.00161345   -0.0115353
  -0.0093043   0.00676524
 -0.00475566  -0.00836934
  0.00302521  -0.00447052
  0.00616963  -0.00116963
 -0.00372072   0.00563478
  0.00391368   0.00507069
  0.00133879   0.00241121
 -0.00602551  -0.00475574
 -0.00673952   -0.0108777
  0.00187096  -0.00148034
  0.00313045  -0.00492732
   0.0019355     0.001502
    0.011511   0.00290303
  0.00147315   0.00106591
 -0.00884572  -0.00150585
  0.00180059   0.00398066
 -0.00191925  -0.00565887
  -0.0095182   0.00303383
  0.00563944   0.00248556
  0.00576617   0.00169477
  -0.0151339  -0.00900668
 -0.00493979  -0.00756021
  0.00404599  -0.00521786
  0.00472402   0.00355723
  0.00292119   0.00524288
 -0.00373133  -0.00349523
  0.00102738 -0.000480505
 0.000405891  -0.00431214
  0.00166902  -0.00182527
  0.00512672   0.00229515
 -0.00902551  -0.00382605
 -0.00498777   0.00740965
  0.00610849   -0.0056788
 -0.00510881  -0.00621932
   0.0119774   0.00423352
  -0.0144615  -0.00354635
  0.00618427  0.000300107
  0.00335957   0.00371075
  -0.0104672 -0.000548388
 -0.00988697  -0.00804272
 -0.00143429  -0.00176884
  0.00769937   -0.0034025
  0.00355365   0.00671979
 -0.00599076  -0.00373581
 -0.00407891  -0.00381171
-0.000607011   -0.0074008
  0.00198348 -0.000460047
  0.00151901   0.00410599
 -0.00820713   -0.0101132
  0.00187844 -0.000784688

real    577m58.128s
user    69986m25.570s
sys     10m30.313s
