liuchang@node29:~/rbm-code-debian$ time taskset -c 0-127 ./rbm-matfree-N100-M200-K4-opt -c 128 --model trappedion -h 2 -n 100 -m 400 --tol 1e-6 --reglam-init 150 --reglam-cutoff 1 --correlation-data ioncorrN100M200K4.mat --lrate-init 0.05
Random seed is 1405671625
-1.94553 -1.91441 -1.91175  -1.9071
-1.96171 -1.92902 -1.92522 -1.91894
-1.97936 -1.94787 -1.93685 -1.92976
-2.01139 -1.96966  -1.9513  -1.9411
-2.08854 -1.99219 -1.97531 -1.95502
-2.28287 -2.04334 -2.00958   -1.977
-2.76273 -2.18267 -2.08455 -2.01494
-3.42392 -2.57452  -2.3014 -2.12981
-3.76429 -3.23934 -2.85837  -2.1974
-3.85576 -3.60853 -3.47461 -3.28065
-3.90699 -3.77949 -3.76948 -3.65644
-3.92809 -3.88586 -3.83396 -3.78566
-3.93578 -3.92249 -3.86259 -3.83588
-3.94021 -3.93688 -3.87686 -3.86031
-3.94321 -3.94248 -3.88383 -3.87164
-3.94654 -3.94481 -3.89023 -3.88424
-3.94811 -3.94636 -3.89415 -3.89019
-3.94905 -3.94742 -3.89426 -3.87306
-3.94958 -3.94794 -3.89678 -3.89272
 -3.9499 -3.94865 -3.89888 -3.87815
-3.95005 -3.94892 -3.89958   -3.897
 -3.9501 -3.94928 -3.90161 -3.89028
-3.95008 -3.94945 -3.90154 -3.90013
-3.95006 -3.94946 -3.90316 -3.89517
-3.94957 -3.94934 -3.90261  -3.9017
-3.94992 -3.94955 -3.90315 -3.89421
-3.95004 -3.94739  -3.9027 -3.89317
-3.94967 -3.94834 -3.90426 -3.89975
-3.94993 -3.94886 -3.90448 -3.90053
-3.94994 -3.94976 -3.90507 -3.89614
 -3.9499 -3.94894 -3.90487  -3.7375

real    3836m16.581s
user    489015m29.826s
sys     1m39.485s
