time taskset -c 0-127 ./rbm-matfree-N112-M448-K2-opt -c 128 --model trappedion -h 1 -n 100 -m 400 --tol 1e-5 --reglam-init 40 --reglam-decay 0.9 --reglam-cutoff 0.2 --minres-rtol 1e-8
Random seed is 2707061888
-0.979492 -0.959359
 -1.06895 -0.786582
-1.35977 -1.30845
-1.44117  -1.4233
-1.48604 -1.47335
  -1.517 -1.50635
-1.53949 -1.52991
-1.55567 -1.54756
-1.57048 -1.56367
-1.58299 -1.57522
-1.59225 -1.58613
-1.60012  -1.5944
-1.60769 -1.60202
-1.61432 -1.60878
-1.61955 -1.61409
 -1.6244 -1.61909
-1.62827 -1.62295
-1.63172 -1.62607
-1.63484 -1.62898
-1.63729 -1.63148
-1.63955 -1.63345
-1.64116 -1.63561
-1.64278 -1.63682
-1.64406 -1.63824
-1.64525 -1.63918
-1.64615 -1.64026
-1.64702 -1.64088
-1.64758 -1.64174
-1.64822 -1.64231
-1.64857 -1.64278
 -1.6489 -1.64316
 -1.6492 -1.64351
-1.64948 -1.64391
-1.64975 -1.64415
-1.64988 -1.64436
-1.65006 -1.64461
-1.65013 -1.64481
 -1.6504 -1.64507
-1.65038 -1.64516
-1.65046 -1.64535
-1.65049 -1.64566
 -1.6505 -1.64551
-1.65073 -1.64552
-1.65082 -1.64565
-1.65094 -1.64586
-1.65091 -1.64585
-1.65091   -1.646
-1.65081 -1.64605
-1.65101 -1.64627
-1.65082 -1.64607
-1.65085 -1.64619
-1.65086 -1.64632
 -1.6509 -1.64635
-1.65102 -1.64653
-1.65087  -1.6466
-1.65093 -1.64649
-1.65104 -1.64667
-1.65098 -1.64648
-1.65096 -1.64669
-1.65089 -1.64676
  -1.651 -1.64686
-1.65102 -1.64701
-1.65121 -1.64673
-1.65102 -1.64696
-1.65108 -1.64698
-1.65112 -1.64712
 -1.6511 -1.64697
-1.65102 -1.64714
 -1.6512 -1.64712
-1.65113 -1.64719
-1.65112 -1.64723
-1.65115 -1.64738
-1.65104 -1.64731
-1.65115  -1.6473
 -1.6511 -1.64749
-1.65106 -1.64741
-1.65114 -1.64738
-1.65117 -1.64755
-1.65115 -1.64754
-1.65113 -1.64766
-1.65118  -1.6475
-1.65115 -1.64752
-1.65127 -1.64763
-1.65114 -1.64763
-1.65118 -1.64755
-1.65127 -1.64776
-1.65111 -1.64753
-1.65117 -1.64774
-1.65118 -1.64787
-1.65108 -1.64772
-1.65125 -1.64769
-1.65111 -1.64778
-1.65122 -1.64779
-1.65121 -1.64778
-1.65118 -1.64779
-1.65119 -1.64786
Converged after 96 steps.
<sx(0) sx(i)> =
       1        1
0.828202 0.828775
0.787218 0.785731
 0.68926 0.691413
 0.68459 0.684036
0.678873  0.67427
0.689343 0.681761
0.724946 0.722492
0.704437 0.699354
0.657063 0.651554
0.706007 0.703302
0.653131 0.646501
0.679269 0.677253
0.671785 0.667542
0.714523 0.715322
0.674833 0.673355
0.647765 0.645273
0.689206  0.68165
0.664902 0.664335
0.690928 0.686838
0.665284 0.667399
0.674298  0.67191
0.667686 0.667866
0.705108 0.712798
0.679407  0.67788
0.621533 0.615756
 0.67462 0.674711
0.625827 0.624556
0.707039 0.704315
0.686527 0.687052
0.654571 0.652793
0.677853  0.67922
0.665992 0.663963
0.683633 0.683388
0.677768 0.668749
0.662995 0.665266
0.674894 0.675464
0.680102 0.677784
0.674875 0.670697
0.667691 0.666622
0.662038 0.630546
0.668333 0.659856
0.676637 0.673111
0.671394 0.657076
  0.6735 0.673827
0.637943 0.563198
0.640541 0.591587
0.658448 0.651375
0.654027 0.635303
0.677008  0.68084
0.613043 0.499052
0.581962 0.459511
0.645195 0.642971
0.619106 0.619013
0.684051 0.680111
 0.61025 0.469469
0.561286 0.380074
0.635735 0.628683
0.581551 0.585631
0.575825 0.439824
0.691109 0.684503
0.613086 0.491859
0.580651 0.552747
0.642309 0.620484
0.621658 0.577757
 0.68504 0.684185
 0.63047 0.559677
0.621964 0.566879
0.647925 0.616129
0.660563 0.667152
 0.67811 0.681268
0.657478 0.640082
0.648482 0.622605
0.659608 0.640557
 0.66927 0.663679
0.678381 0.669382
0.666548 0.664454
0.673425 0.676329
0.666567 0.672324
 0.67471 0.679751
0.661169 0.661055
0.711493 0.705504
0.678388 0.679943
0.630378 0.616927
0.673858 0.674474
0.633527 0.630349
0.670667 0.670245
0.705446 0.699734
0.674519 0.671465
0.663449 0.668463
0.663764 0.664932
0.661443 0.662949
0.661031 0.654329
0.662723 0.659896
0.676091  0.67526
0.675979  0.67235
0.688137  0.68135
0.654295 0.659813
 0.67841 0.677054
0.664682  0.66075
0.688256 0.688879
 0.63835 0.628167
0.684179 0.679224
0.673132 0.669362
0.721249 0.718646
0.715485 0.707327
0.663708 0.660267
0.687249  0.68885
0.688999  0.68528
0.696642  0.69283
0.689394  0.68288
0.789737 0.789089
<sz(0) sz(i)> =
           1            1
   -0.337212    -0.342319
   -0.180403    -0.177644
     0.11816     0.124184
   0.0020098  0.000763636
  -0.0653907   -0.0620312
  -0.0151544   -0.0177363
  -0.0226726   -0.0231477
   0.0186936    0.0214627
 -0.00110565   0.00426971
 -0.00397687  -0.00949969
 -0.00964772  -0.00750071
 -0.00869562   -0.0128278
-0.000779397   -0.0020331
 -0.00414708  -0.00604823
  -0.0061201   -0.0115752
 0.000674201   0.00752892
  -0.0015484 -0.000365664
 -0.00591975   0.00287287
 -0.00216087 -0.000495382
 -0.00503729   -0.0112518
 -0.00985258  -0.00526461
 -0.00455348  -0.00333715
  -0.0111909  -0.00666066
  0.00587105   0.00401176
  0.00416049  -0.00142612
  0.00381095 -0.000881264
  -0.0045056 -0.000299091
   0.0012438 -0.000384421
 -0.00687187   0.00171562
  0.00466769   -0.0014255
  0.00355612 -0.000821745
 -0.00115976  -0.00153555
 -0.00252639  -0.00688767
 -0.00612006  -0.00438775
   -0.004581   0.00430756
  0.00427448   0.00256146
  0.00509953   0.00130672
 -0.00610137   0.00153106
  0.00238798  -0.00777861
 -0.00586368   -0.0090582
 0.000970331   0.00426404
 -0.00369034   0.00412003
-0.000784383  -0.00109062
 -0.00110082 -0.000852303
  0.00665609   0.00662516
  -0.0025963  -0.00869277
  0.00163837   -0.0035915
 -0.00180518  -0.00139795
 -0.00149504  -0.00733309
  0.00456446  -0.00647853
 -0.00438578   0.00743265
  0.00149729    0.0039324
 -0.00174477  -0.00149742
-0.000520576  -0.00643255
 -0.00307688   0.00241281
 0.000473399  -0.00414527
  0.00569406  -0.00448312
  0.00477968   0.00631407
  0.00240743   0.00427226
 -0.00824401   0.00101744
  -0.0101662  -0.00584947
 -0.00391828  -0.00237078
 -0.00181259   0.00208602
 -0.00273617  -0.00132633
  0.00458163  -0.00231601
  0.00344568    0.0072965
 0.000305294   0.00449939
 0.000217877 -0.000647564
  0.00281636  -0.00336323
  0.00292918   0.00218801
-0.000770287 -0.000831275
 -0.00786199   0.00305731
 0.000179264   0.00482074
  0.00362255  -0.00288036
 -0.00949949  -0.00897708
 0.000238408  -0.00344153
  0.00886351  0.000198995
  0.00505209   0.00424478
  0.00438458   0.00655292
 -0.00601891  -0.00769203
-0.000656126  -0.00364075
  -0.0010432  -0.00255055
  0.00204569   0.00467306
 0.000881359   0.00294677
  0.00580053   0.00044947
 -0.00245763   0.00226231
 -0.00698018  -0.00653545
  0.00208063   0.00120062
 0.000428861   0.00363364
-0.000737903   0.00218322
  0.00276592   0.00293721
  0.00433499  -0.00214749
 -0.00646294  -0.00361519
 -0.00689514  -0.00103455
 -0.00278543  9.01126e-05
 -0.00365902  -0.00489566
  0.00489488   0.00155043
-0.000542664   -0.0076214
  0.00128535   0.00172246
 -0.00685631   0.00193443
  0.00300591  -0.00187309
  0.00205984   0.00290109
   0.0048475   0.00116812
  -0.0126866 -4.77538e-05
 -0.00491772   -0.0120745
  0.00209386   0.00399989
  0.00703769  -0.00184238
 -0.00678796   0.00210046
 -0.00429161   0.00120567
   0.0105454  -0.00109232
 -0.00390539   -0.0133212

real    431m9.567s
user    51483m22.658s
sys     7m32.120s
