time taskset -c 0-127 ./rbm-matfree-N120-M480-K2-opt -c 128 --model trappedion -h 1 -n 100 -m 400 --tol 1e-5 --reglam-init 40 --reglam-decay 0.9 --reglam-cutoff 0.2
Random seed is 957162194
-0.966488 -0.957841
-0.911018 -0.652701
-1.32481 -1.28962
-1.44136 -1.42975
-1.49087 -1.48384
-1.52328 -1.51831
-1.54736 -1.54229
  -1.566 -1.56082
-1.58116 -1.57555
 -1.5931 -1.58759
-1.60351 -1.59738
-1.61215 -1.60637
-1.61981 -1.61377
-1.62592 -1.61984
-1.63186 -1.62532
-1.63717 -1.63015
 -1.6409 -1.63418
-1.64421 -1.63766
-1.64714 -1.64035
-1.64973 -1.64287
-1.65195 -1.64504
-1.65357  -1.6466
-1.65505 -1.64806
-1.65626 -1.64938
-1.65724 -1.65047
-1.65809 -1.65152
-1.65877  -1.6521
-1.65929 -1.65273
-1.65998  -1.6534
-1.66013 -1.65381
-1.66064 -1.65421
-1.66079 -1.65458
-1.66106 -1.65482
-1.66129 -1.65501
-1.66147 -1.65523
-1.66161 -1.65554
-1.66159 -1.65554
-1.66168 -1.65562
-1.66186 -1.65607
-1.66179   -1.656
-1.66184 -1.65609
-1.66185  -1.6561
-1.66201 -1.65621
-1.66194 -1.65622
-1.66194 -1.65631
 -1.6622 -1.65649
-1.66205 -1.65656
-1.66204  -1.6565
 -1.6621 -1.65664
-1.6621 -1.6567
-1.66211 -1.65674
-1.66223 -1.65669
-1.66209 -1.65669
-1.66214 -1.65697
-1.66207 -1.65673
-1.66216 -1.65685
-1.66219  -1.6569
-1.66202 -1.65693
-1.66218   -1.657
-1.66231  -1.6571
-1.66219 -1.65698
-1.66218 -1.65707
-1.66212 -1.65714
 -1.6621 -1.65722
-1.66218 -1.65729
 -1.6623 -1.65715
-1.66216 -1.65723
-1.66215 -1.65727
-1.66202 -1.65709
-1.66219 -1.65736
-1.66221 -1.65729
-1.66213  -1.6573
-1.66228 -1.65732
-1.66218 -1.65733
-1.66216  -1.6573
-1.66226 -1.65741
 -1.6622 -1.65748
-1.66225 -1.65744
-1.66221 -1.65753
-1.66227 -1.65765
-1.66219 -1.65765
-1.66225 -1.65762
-1.66219 -1.65758
-1.66228 -1.65769
-1.66234 -1.65758
-1.66217 -1.65763
-1.66223 -1.65768
-1.66219 -1.65774
-1.66212  -1.6577
-1.66219 -1.65785
-1.66222 -1.65775
-1.66238 -1.65776
 -1.6622 -1.65773
-1.6622 -1.6579
-1.66237 -1.65788
-1.66231 -1.65767
 -1.6623 -1.65792
-1.66233 -1.65788
-1.66236 -1.65793
-1.66234 -1.65795
<sx(0) sx(i)> =
       1        1
0.809163 0.804982
0.780908 0.778444
 0.69977    0.696
0.691732 0.692326
0.667417  0.66621
0.715082  0.71299
0.727775 0.725372
0.678565 0.672843
0.678628 0.679388
0.644715 0.643786
0.691468 0.681149
0.666439 0.670292
0.676738 0.674034
0.661919 0.663449
0.688607 0.689161
0.676164 0.676274
0.701466 0.696444
0.674932 0.672066
 0.68888 0.687054
0.713144 0.713052
0.696153 0.691979
0.626259 0.628265
0.669251 0.670607
0.627655 0.624666
0.692545 0.687057
0.704252 0.705758
0.650794 0.642437
0.672831 0.674617
0.668218 0.645442
0.669289 0.650568
0.708289 0.706002
0.669715 0.672529
0.675183 0.627977
 0.67798 0.672776
0.660713 0.597639
0.674591 0.677586
0.678152 0.674428
0.674873 0.650718
0.675348 0.678184
0.648849 0.539917
0.671197 0.661493
0.661793 0.647495
0.672139 0.668744
0.663721 0.670076
0.641298 0.526332
0.665043 0.644397
0.635705 0.612348
0.669574 0.675175
0.638161 0.631714
0.638809  0.54569
0.666191  0.64738
 0.61121 0.573758
0.667147 0.660352
0.605598 0.564119
0.639566   0.5712
0.662203 0.655407
 0.60079 0.551847
0.666906 0.656081
0.582165 0.520956
0.659393 0.663364
0.638055 0.600076
0.581106 0.526623
0.668616 0.645424
0.608767 0.553711
0.662118 0.661263
0.643318 0.621597
 0.61023 0.573703
0.671626 0.650639
 0.62335 0.580231
0.668388  0.66705
0.646159 0.638447
0.640653 0.631267
0.674502 0.656782
0.638741 0.618142
  0.6711 0.665284
0.655389 0.651491
0.669348 0.668278
0.680402 0.668861
0.665464 0.644436
0.677062  0.67133
0.661255 0.663958
0.684462 0.681259
0.678117 0.675204
0.681438 0.672211
0.684039 0.668973
0.670123 0.675654
0.684091 0.674917
0.682086 0.682513
  0.6754  0.66712
0.679765 0.682364
0.715606 0.712122
 0.64554 0.632391
0.688834 0.684335
0.627974   0.6167
0.674421 0.667909
0.708342 0.703822
0.662283 0.663548
0.676011 0.672106
0.663049 0.653823
0.692433 0.692203
0.649259 0.653114
0.693285  0.69326
 0.63946 0.618612
0.656911 0.650678
0.721893 0.719135
0.680213 0.684475
0.681489 0.658633
0.643734 0.624339
0.711242 0.707373
0.663578 0.633242
0.708551 0.699496
0.726795 0.724419
0.699471 0.688031
0.686046 0.678229
0.691488 0.688087
0.683662 0.683618
0.737203 0.728075
0.700742 0.698767
0.784002 0.778426
<sz(0) sz(i)> =
           1            1
   -0.297396     -0.29569
   -0.206127    -0.204068
    0.102337     0.102272
   0.0456537    0.0420807
  -0.0456673    -0.052614
  -0.0534047   -0.0541734
  -0.0286681   -0.0357459
   0.0194455    0.0226248
  0.00837902    0.0151366
  0.00816354   0.00562552
  -0.0181898   -0.0196617
  -0.0178765   -0.0207172
 -0.00187727   -0.0165993
   0.0108844    0.0133344
 -0.00654402  0.000333078
 -0.00114367 -0.000614143
  0.00237057    0.0100904
 -0.00385585   -0.0112223
 -0.00837675    -0.003967
 -0.00599909   0.00107721
 -0.00308936   -0.0137856
   0.0029272  -0.00398188
-0.000655066   0.00475663
 -0.00912744   0.00385401
  0.00421877  -0.00394534
 -0.00897579  -0.00641483
 0.000352276   -0.0101179
  0.00438494   0.00233381
  0.00992281   0.00847563
 -0.00790392   -0.0074867
  0.00188362   -0.0020008
  -0.0126764   0.00693425
 -0.00603615   -0.0195107
 0.000733363  -0.00116305
  0.00288367    0.0161398
 0.000832006 -0.000363256
-0.000384354  0.000110917
  0.00265119    0.0144582
  0.00441921    0.0107761
  -0.0117273   -0.0271008
  -0.0033269   -0.0101887
  0.00222372   -0.0139815
  0.00164558  -0.00973152
 -0.00509091   0.00188778
 0.000789863    0.0215929
 -0.00337006    0.0135263
  0.00531106   0.00867332
  -0.0114785  -0.00188091
  0.00240877    -0.010065
 -0.00189886   -0.0292339
  0.00458682   -0.0115009
 -0.00406078    -0.017072
  0.00229208   0.00110636
 0.000526237    0.0142394
  0.00311432    0.0262607
 -0.00312141    0.0126136
 0.000760674    0.0241221
-7.81807e-05  -0.00898432
-0.000281019   -0.0219846
 -0.00387633   -0.0118659
 -0.00423749   -0.0190047
 -0.00540871    0.0248618
-0.000289611    0.0159927
 0.000454212    -0.029048
 0.000760654   0.00380966
  0.00363713     0.012066
  0.00263706   -0.0220902
  0.00387388   -0.0128973
 -0.00150232    0.0195492
  -0.0139062  -0.00406256
  -0.0035426   -0.0104027
   0.0100944    0.0187728
  0.00666214    0.0132988
 -0.00770151   -0.0183922
  0.00271431   -0.0109565
  -0.0018174   0.00427834
  0.00178628  -0.00729409
 -0.00651953  -0.00551172
  0.00341655    0.0161928
  -0.0042395   0.00541138
-0.000571173   -0.0040382
  0.00753724 -0.000193489
-0.000863778   0.00809034
 -0.00414352   -0.0102705
  0.00145908  -0.00587314
  0.00580598  5.33943e-05
  0.00030629    0.0069984
 0.000638929  -0.00602955
  0.00198447  -0.00245322
 -0.00416499   0.00186031
 -0.00127906   -0.0107913
  0.00176877   0.00912967
  0.00208306  0.000104443
 0.000442177  0.000495323
 -0.00758925   -0.0117858
  0.00619291   0.00298677
 -0.00708614  -0.00385136
-0.000854161   0.00698697
  0.00670591    0.0140363
 -0.00354698   0.00772667
 -0.00672411   -0.0090962
  0.00271991 -2.45959e-05
-0.000492979   -0.0148976
  0.00251527   0.00975036
 -0.00404137  -0.00478675
 -0.00170234  -0.00267266
-0.000658102   0.00897841
-1.85308e-05  -0.00740334
 0.000314864  -0.00582268
 -0.00153358    0.0111039
  0.00537628  -0.00447785
-9.50495e-05  -0.00666276
 -0.00233912  -0.00535619
 -0.00641172    0.0025836
 -0.00317217   0.00391436
   0.0102962  -0.00166337
 -0.00200685  -0.00604002
 -0.00253231   0.00417293
 -0.00441041  -0.00160522

real    2003m41.666s
user    210829m24.422s
sys     35m37.626s
