time taskset -c 0-127 ./rbm-matfree-N112-M448-K2-opt -c 128 --model trappedion -h 1 -n 100 -m 400 --tol 1e-5 --reglam-init 40 --reglam-decay 0.9 --reglam-cutoff 0.2
Random seed is 3137551444
-0.979139 -0.965493
 -1.05971 -0.897238
-1.34752  -1.3186
-1.43875 -1.42463
-1.48479 -1.47458
-1.51488 -1.50651
-1.53691 -1.52873
-1.5557 -1.5478
-1.57037   -1.563
-1.58251 -1.57515
 -1.5923 -1.58545
-1.60098 -1.59438
-1.60804 -1.60152
-1.61441 -1.60804
-1.61984 -1.61324
-1.62467  -1.6178
-1.62855 -1.62186
-1.63188 -1.62514
-1.63482 -1.62808
-1.63729 -1.63047
-1.63938 -1.63261
-1.64122 -1.63471
-1.64271 -1.63611
-1.64392 -1.63749
-1.64506 -1.63872
-1.64602 -1.63979
 -1.6467 -1.64057
-1.64751 -1.64134
 -1.6479 -1.64198
-1.64845  -1.6426
-1.64883 -1.64298
 -1.6491 -1.64324
 -1.6495 -1.64369
-1.64961 -1.64398
-1.64978  -1.6442
-1.64988 -1.64451
-1.65012 -1.64481
-1.65022  -1.6449
-1.65025 -1.64494
 -1.6503 -1.64505
-1.65059 -1.64518
-1.65044 -1.64547
-1.65044  -1.6456
-1.65067 -1.64558
-1.65069 -1.64554
-1.65063 -1.64575
-1.65066 -1.64571
-1.65075 -1.64586
-1.65061 -1.64579
-1.65082 -1.64591
-1.65086  -1.6459
-1.65085 -1.64606
-1.65095 -1.64609
-1.65086 -1.64613
 -1.6509 -1.64617
-1.65085 -1.64618
-1.65097 -1.64634
-1.65091 -1.64631
 -1.6511 -1.64625
-1.65092 -1.64642
-1.65092 -1.64635
-1.65097 -1.64641
-1.65104 -1.64647
-1.65091 -1.64648
-1.65105 -1.64654
-1.65094 -1.64664
-1.65102 -1.64662
-1.65099 -1.64672
-1.65092 -1.64652
-1.65104 -1.64659
-1.65098 -1.64652
-1.65088  -1.6467
-1.65107  -1.6468
-1.65101 -1.64675
-1.65107 -1.64674
-1.65095 -1.64663
-1.65108 -1.64678
-1.65098 -1.64679
-1.65107 -1.64685
-1.65111 -1.64677
-1.65096 -1.64682
-1.65113  -1.6469
-1.65111 -1.64693
-1.65113 -1.64678
-1.65111 -1.64697
-1.65118 -1.64698
-1.65112 -1.64691
-1.65117 -1.64686
-1.65118 -1.64706
-1.65121 -1.64711
 -1.6512 -1.64705
 -1.6512 -1.64697
-1.65107 -1.64694
 -1.6511 -1.64701
-1.65108 -1.64711
-1.65112 -1.64711
-1.65118 -1.64714
-1.65115 -1.64703
 -1.6512 -1.64709
-1.65115 -1.64706
<sx(0) sx(i)> =
       1        1
0.829145 0.828731
0.792245 0.793076
0.694268 0.693325
  0.6876 0.684333
 0.67686 0.678762
0.692656 0.691516
0.731136 0.730183
0.704234 0.697229
0.658096 0.649758
0.713217 0.714073
 0.64567 0.639196
0.681519 0.667444
0.669765 0.675091
0.723035  0.72148
0.667144 0.663929
0.646141 0.633152
0.691437 0.694361
0.664343 0.665395
0.698761 0.698615
0.665788 0.656566
0.679854 0.681884
0.669408 0.668932
0.712539 0.714792
0.680292 0.672495
0.623914 0.625838
0.678772 0.681472
0.629157  0.62766
0.715965 0.715156
0.691447 0.681561
0.657536 0.666097
0.675317 0.682276
 0.67329  0.67447
0.684917 0.683871
0.682735 0.683464
0.670284 0.670574
0.674487 0.676751
0.682381 0.687595
0.680068 0.669386
0.675193 0.672085
0.664803  0.65666
0.671911 0.674336
0.671147 0.675826
0.671793 0.674873
0.676064 0.655773
0.640054 0.628437
0.636177 0.631425
0.659447 0.640244
0.649427 0.635242
 0.67458 0.653579
0.616808 0.602954
0.584537   0.5711
0.645086 0.584728
0.620262  0.53318
0.685039 0.677249
0.606968 0.590929
0.557939 0.541459
0.636836 0.532111
 0.58549 0.403314
0.576175 0.554933
0.689075 0.705855
0.616108   0.5957
 0.58563 0.409356
0.640378 0.533445
0.613348 0.587083
0.684053  0.68771
0.632294 0.609145
 0.63123 0.574368
0.655339 0.599316
0.656643 0.621506
0.685505 0.660995
0.671646 0.671614
0.655104 0.625694
0.668326 0.660947
0.677376  0.66555
0.682418 0.664768
0.672717 0.668636
0.675361 0.660235
0.666809 0.671085
0.685386 0.686185
0.664857 0.668192
0.711607 0.706024
 0.68504 0.681145
0.637137 0.638876
0.675805 0.675081
0.641443 0.636361
0.682614  0.67625
0.700281  0.70184
 0.67767 0.676275
0.669817 0.668945
0.675841 0.674666
0.664788 0.664853
0.661755 0.665439
0.663679 0.659973
0.684641 0.686529
0.673546  0.67503
0.693591 0.689394
0.663273 0.658381
0.681374 0.681559
0.666349  0.66664
0.698018  0.69371
0.638393 0.635939
0.684917 0.686189
0.672607 0.677638
0.722411 0.721035
0.716913 0.717446
0.662135 0.664171
0.692807 0.693882
0.692583 0.691778
0.700355 0.701253
0.688533 0.688119
 0.79178 0.792828
<sz(0) sz(i)> =
           1            1
    -0.32873     -0.33045
   -0.184281    -0.170641
    0.120903     0.120699
  0.00101129   -0.0144488
  -0.0649037   -0.0697056
   -0.010648   -0.0108364
  -0.0232694   -0.0195431
   0.0179751    0.0222983
 -0.00300615  -0.00265791
  -0.0015492  -0.00677112
 -0.00237317  -0.00922839
   -0.020673   -0.0146395
 -0.00188979  -0.00111803
  -0.0100422  -0.00386407
-0.000160369 -0.000269318
  0.00743362   0.00272263
 0.000184847  -0.00256766
 -0.00548241  -0.00608009
 -0.00119215  -0.00326097
 -0.00912407  -0.00896186
 -0.00288872  -0.00144722
 -0.00331808  -0.00254129
 -0.00318312  -0.00334031
 0.000956586   0.00236373
 0.000375933   0.00392094
 -0.00422497  0.000123405
 -0.00262662  -0.00256869
 0.000863696 -0.000160571
 -0.00359542  -0.00292802
 0.000234301   -0.0033593
 -0.00407463   0.00278557
  0.00163694     0.001449
 -0.00734134   -0.0041821
 -0.00599881  0.000491002
 -0.00197056  -0.00228726
  0.00457472  -0.00289503
  0.00445382  -0.00500069
 -0.00465029  -0.00878721
 -0.00295287   0.00119505
-0.000377449  -0.00391943
 -0.00440779   0.00612654
 -0.00180727 -0.000145853
 -0.00799178  -0.00946915
  0.00601296   0.00898704
 -0.00385261   0.00119636
  0.00292563  -0.00214438
 -0.00756567   -0.0129421
  0.00370715   0.00976941
-0.000416176  -0.00716195
 4.79401e-05  -0.00235263
  0.00194453    0.0062586
 0.000232374    0.0148458
 -0.00437301   -0.0142989
 -0.00395418  -0.00202239
  -0.0024663  -0.00108838
 -0.00421295 -0.000318304
 0.000906396   -0.0168439
  0.00203871     0.017766
 -0.00173952   -0.0107214
  0.00157732  -0.00349139
  0.00676368   0.00827538
 -0.00537682   -0.0185294
  0.00283787    0.0138418
  0.00658791     0.013959
  -0.0101374  -0.00654224
 -0.00330191  -0.00724497
 -0.00624096    0.0101863
  0.00399728  -0.00645822
  0.00164493   -0.0104731
  0.00360885   0.00506303
  0.00478587   -0.0133796
  0.00153483    0.0115511
 -0.00559624   0.00251031
 -0.00468866    0.0068371
  0.00297258  -0.00680071
  0.00283539  0.000289614
  0.00110535   -0.0084491
 -0.00241134  6.75882e-05
  0.00277049   0.00648732
 -0.00389777  -0.00618035
 -0.00232992   -0.0014982
 0.000321157  0.000108531
 -0.00188818  1.31769e-05
  0.00442678  -0.00235646
 -0.00226713  -0.00187349
 -0.00258235  -0.00409734
 -0.00735684    0.0020834
 -0.00115089   0.00286964
 -0.00440654   0.00073466
 -0.00469107  -0.00276986
  0.00597868  -0.00234587
  -0.0034844 -0.000304664
  0.00194636  -0.00253229
 -0.00472467  0.000974671
 0.000172675   -0.0011883
  0.00417984   0.00128891
  0.00199382  0.000857741
  0.00268776  -0.00221901
-0.000234288   0.00406241
 0.000996461  -0.00177771
 -0.00315451  -0.00215799
 -0.00018641  -0.00516515
  0.00786916   0.00552928
-0.000809064  -0.00161281
  0.00119869     0.004231
  -0.0073068  -0.00964632
   0.0031903   0.00235657
 -0.00172165   0.00152633
 -0.00364348  -0.00186434
 -0.00473792  -0.00338708
  0.00332763     0.002063

real    964m7.083s
user    104039m11.250s
sys     19m9.251s
