time taskset -c 0-127 ./rbm-matfree-N120-M480-K2-opt -c 128 --model trappedion -h 1 -n 100 -m 200 --tol 1e-4 --reglam-init 40 --reglam-decay 0.9 --reglam-cutoff 0.2  Random seed is 1496375061
-0.966439 -0.948401
-0.794885 -0.758833
-1.31714 -1.30249
 -1.4329 -1.42262
-1.48129 -1.47574
 -1.5146 -1.51076
-1.53813 -1.53506
-1.55801 -1.55491
 -1.5743 -1.57107
-1.58668 -1.58299
-1.59706 -1.59216
-1.60674 -1.60249
-1.61335 -1.60894
-1.62046 -1.61578
-1.62686  -1.6217
 -1.6313 -1.62614
-1.63573 -1.63011
-1.63967 -1.63441
-1.64294 -1.63726
-1.64602 -1.64017
-1.64799 -1.64235
-1.65017 -1.64445
-1.65207 -1.64579
-1.65382 -1.64773
 -1.6551 -1.64899
-1.65624  -1.6499
-1.65709  -1.6508
-1.65779 -1.65156
-1.65845 -1.65244
-1.65901 -1.65327
 -1.6596 -1.65351
-1.65995  -1.6538
-1.66031 -1.65427
-1.66046 -1.65437
-1.66069 -1.65476
 -1.6611 -1.65496
-1.66093 -1.65498
-1.66125 -1.65511
-1.66126 -1.65531
-1.66145 -1.65552
-1.66159 -1.65553
-1.66153 -1.65554
Converged after 42 steps.
<sx(0) sx(i)> =
       1        1
0.807123 0.802865
0.779665 0.760142
0.700292 0.699272
0.695547 0.674297
0.672716 0.646945
 0.71437 0.707138
0.731471 0.732542
0.681898 0.670151
0.680866 0.666501
0.650687 0.639405
0.688782  0.69605
0.670198 0.665425
0.669182 0.665015
0.661732 0.671434
0.689434 0.687788
0.680217 0.683513
0.695462 0.700193
0.670885 0.670607
0.682277 0.681682
0.712091  0.71704
0.696579 0.698022
0.623498 0.621505
0.671824 0.664267
0.629149 0.632299
0.689771 0.698393
0.705335 0.702694
0.644933 0.643787
0.666069 0.668093
0.671945 0.671558
0.670288 0.670502
0.702196 0.706384
0.672511 0.670998
 0.68044 0.677255
0.677467  0.66916
0.661601  0.66276
 0.67827 0.678919
 0.68075  0.66561
0.679475 0.676496
0.681046 0.691515
0.646958 0.649224
0.678362 0.679803
0.662247 0.623463
0.681912 0.674091
0.672006 0.670995
0.647762 0.638418
0.678301 0.676961
0.637581 0.568754
0.674261 0.666818
0.638491 0.600102
0.645152 0.636654
0.667912 0.661622
0.631475 0.558856
0.671589 0.672794
0.613072 0.550676
0.639062 0.640527
0.657411 0.644096
0.614046 0.602339
0.666618 0.652536
0.588513 0.589285
0.659076 0.657473
0.637786  0.64173
0.591009 0.605053
0.662386  0.62567
0.617081 0.627523
0.663994 0.679178
0.638473  0.63996
0.612951 0.614216
0.665861  0.62407
0.629857 0.635353
 0.67085 0.670209
0.645308 0.619443
 0.64671 0.649007
0.672906  0.65035
0.643489 0.634332
0.664748 0.647421
0.650983 0.590205
0.672801 0.682568
0.680311 0.688279
0.665517 0.654132
0.673689 0.647191
 0.64993  0.57372
 0.67809  0.66946
0.682779 0.676173
0.676295  0.67963
0.681844 0.681793
0.664435 0.613244
0.676462 0.676634
0.683613 0.683744
0.666176 0.660799
0.670506 0.624206
 0.71696 0.713031
 0.63584  0.63223
0.685301  0.67945
0.618702 0.620425
0.669049 0.611207
0.704004 0.707424
0.656275 0.650568
0.672071 0.667068
0.659969 0.599681
0.695562 0.689107
0.652745 0.620879
0.695717 0.694711
0.635771 0.596606
0.657385 0.620375
0.719755 0.713963
0.677186 0.670643
0.676272 0.666872
0.642155 0.641142
 0.70876  0.71376
0.659083 0.664686
0.708945 0.701458
0.728081 0.720853
0.703257  0.70089
0.688689 0.684992
0.701194 0.690442
0.690228 0.679787
0.737693 0.729778
0.702541 0.699517
0.783577 0.784398
<sz(0) sz(i)> =
           1            1
   -0.294977     -0.28971
   -0.207785    -0.206043
   0.0955079     0.113476
    0.040812    0.0442661
  -0.0502283   -0.0566467
  -0.0449245   -0.0569505
  -0.0342462   -0.0298163
   0.0229013    0.0171768
  0.00832678    0.0190951
   0.0138469   0.00466875
  -0.0293713   -0.0214881
  -0.0129318  -0.00847447
-9.70686e-05  -0.00599668
   0.0178606  -0.00325123
  0.00774434    -0.014385
 -0.00168009  -0.00371054
 -0.00981648   0.00247273
 -0.00609184 -1.90575e-06
 -0.00376864    0.0143936
  0.00344754  -0.00711942
  -0.0129567    -0.014387
  -0.0090683   -0.0062442
   0.0106422   0.00060776
   0.0105024    0.0064507
  -0.0148862   -0.0054263
  -0.0073553    0.0023553
 -0.00254691  -0.00581247
 -0.00772357   0.00358295
   0.0116852   0.00558039
 -0.00209627  -0.00665373
  0.00292468  -0.00901843
  0.00859293    0.0109383
  -0.0111384  -0.00409596
-0.000781633   -0.0206246
 -0.00181868   0.00220931
  0.00266049    0.0147614
 -0.00137773   0.00817461
  -0.0148619   -0.0142787
  0.00993514   0.00217424
  0.00760143    0.0122423
  0.00371315   -0.0162131
 -0.00557498   -0.0217688
 0.000545888   0.00367286
 -0.00683509   0.00792884
 0.000588964   -0.0134796
  0.00049289  -0.00924289
   0.0146736    0.0269671
  0.00619104  -0.00931604
 -0.00360142   -0.0164767
 -0.00830774   0.00604212
  0.00304084   0.00797479
  -0.0107306   -0.0235662
 0.000427831  -0.00527158
  0.00505289    0.0262752
 -0.00971673  -0.00403327
  0.00409054   -0.0226843
 0.000408717    0.0131069
-0.000359618    0.0195002
 -0.00393858   -0.0144989
  0.00309687    0.0215125
  0.00462367  -0.00618617
  -0.0095229   -0.0251646
  -0.0052145   -0.0292386
 0.000663792   0.00324246
 -0.00285291  -0.00777209
 -0.00798489    0.0126724
 0.000760316    0.0238491
  0.00228986    0.0323195
 -0.00820416   -0.0178115
 0.000908579  -0.00715858
-0.000331348    -0.025528
-0.000701698   -0.0120327
  0.00675938   -0.0191031
  0.00282119    0.0174132
  -0.0113262    0.0209356
 -0.00484847    0.0308641
  0.00482431  -0.00146493
  0.00213885  0.000204905
 -0.00365386   0.00537261
-0.000898543   -0.0244921
  -0.0115384   -0.0352584
  0.00171513    0.0128161
   0.0017829    0.0105609
 -0.00775971  -0.00208404
 -0.00270381  -0.00424932
-0.000933494    0.0160116
 -0.00766198   0.00039636
 -0.00104295   -0.0019258
   0.0189272   0.00201035
 0.000866479   -0.0190696
  0.00305261  -0.00969323
-0.000166648   0.00368227
  0.00186354   0.00555834
  -0.0112797   0.00979535
  0.00362766    0.0222317
  -0.0033946   0.00441023
 -0.00229149  -0.00989601
-0.000499797  -0.00707833
  -0.0177368   -0.0216382
 -0.00280563  0.000461878
  0.00411647    0.0079929
 -0.00147863   0.00233801
    0.005232    0.0276586
 -0.00401402   -0.0101266
 -0.00464577  0.000192649
   0.0077117 -5.54497e-05
   0.0104038    -0.012435
   0.0037669      0.01428
 -0.00755215   0.00598965
  0.00231805   -0.0141149
  -0.0113008    0.0076289
 9.52192e-05   0.00146728
  0.00516072   0.00421428
 -0.00406321  -0.00913991
  0.00377861   -0.0120599
  -0.0059838  -0.00628183
 -0.00488961   0.00926461
  0.00402553   0.00230259
 -0.00750641  -0.00491546

real    239m39.284s
user    25864m54.757s
sys     10m52.242s
