time taskset -c 0-127 ./rbm-matfree-N22-M88-K2-opt -c 128 --model trappedion -h 1 -n 100 -m 400 --tol 1e-5 --reglam-init 1 --reglam-decay 0.9 --reglam-cutoff 0.2
Random seed is 2113214659
-0.826745 -0.768016
 -1.08783 -0.799069
-1.45202 -1.39846
  -1.506 -1.45693
-1.52925 -1.48056
-1.54208 -1.49446
-1.54954 -1.50381
-1.55463 -1.51086
-1.55809 -1.51631
-1.56066 -1.52132
-1.56243 -1.52497
-1.56351 -1.52838
-1.56489 -1.53174
-1.56585 -1.53471
-1.56628  -1.5369
-1.56706 -1.53941
-1.56759 -1.54149
-1.56803 -1.54353
-1.56832 -1.54531
-1.56865 -1.54722
 -1.5689 -1.54822
-1.56901 -1.54946
-1.56924 -1.55106
-1.56927 -1.55231
-1.56936 -1.55313
-1.56986 -1.55404
 -1.5698 -1.55492
 -1.5697 -1.55552
-1.57002 -1.55639
-1.57034 -1.55688
-1.56981 -1.55708
-1.57013 -1.55773
-1.57019 -1.55813
-1.57033 -1.55863
-1.57036 -1.55891
-1.57041 -1.55945
-1.57023 -1.55944
-1.57046 -1.55965
-1.57044 -1.55998
-1.57054 -1.56031
-1.57044 -1.56042
-1.57048 -1.56047
-1.57057 -1.56063
-1.57061 -1.56078
-1.57071 -1.56072
-1.57069 -1.56104
-1.57058 -1.56104
-1.57059 -1.56124
-1.57058  -1.5612
-1.57062 -1.56135
-1.57064  -1.5614
-1.57079  -1.5615
-1.57063 -1.56147
-1.57066 -1.56145
-1.57081 -1.56145
-1.57076 -1.56162
-1.57064 -1.56172
-1.57076 -1.56134
-1.57083 -1.56168
-1.57071 -1.56175
-1.57081 -1.56176
-1.57087 -1.56183
-1.57091 -1.56195
-1.57098  -1.5618
-1.57082   -1.562
-1.57092 -1.56177
-1.57073 -1.56182
 -1.5708 -1.56173
 -1.5709 -1.56195
Converged after 69 steps.
<sx(0) sx(i)> =
       1        1
0.855636 0.855582
0.615157 0.623378
0.646035 0.633031
0.666382 0.661051
0.589316 0.557765
0.578075 0.537076
0.545887  0.47544
0.495194 0.403862
0.521356 0.410611
0.456135 0.314326
0.449201 0.308926
0.521471 0.409995
0.491222 0.384454
0.542459 0.457271
0.571425 0.521948
 0.58631 0.542211
0.659396 0.656708
0.630826 0.617821
0.615014 0.631314
0.573304 0.578057
0.679372 0.682662
<sz(0) sz(i)> =
          1           1
  -0.545876   -0.540921
    0.23176    0.232225
  -0.094395  -0.0801754
 -0.0584462  -0.0637413
  0.0222175   0.0129388
 -0.0060021 -0.00755258
 -0.0219911  -0.0059777
0.000100716 -0.00849915
 0.00824138 -0.00960857
 -0.0136588  0.00697907
 0.00649174  -0.0096558
 -0.0180865  0.00546931
  -0.014249  0.00702246
 0.00164053 -0.00941397
0.000369743  -0.0110729
-0.00102584  0.00633834
-0.00267981 -0.00224206
-0.00701189  0.00259783
-0.00592763 -0.00317393
 0.00467754 -0.00389629
 -0.0147232 -0.00781585

real    19m50.861s
user    2537m15.557s
sys     0m4.140s
