time taskset -c 0-127 ./rbm-matfree-N124-M496-K2-opt -c 128 --model trappedion -h 1 -n 100 -m 400 --tol 1e-5 --reglam-init 40 --reglam-decay 0.9 --reglam-cutoff 0.2 --minres-rtol 1e-8
Random seed is 4258679644
-0.983945 -0.969157
-1.13944 -1.04797
-1.37402 -1.35213
-1.44291 -1.43707
-1.48758 -1.48186
-1.51725 -1.51138
-1.54101 -1.53575
-1.56034 -1.55447
-1.57483 -1.56998
-1.58762 -1.58203
-1.59767 -1.59263
-1.60691 -1.60192
-1.61497 -1.60942
-1.62168 -1.61627
-1.62762 -1.62191
-1.63261 -1.62706
-1.63674 -1.63151
 -1.6406 -1.63525
-1.64383 -1.63814
-1.64668 -1.64095
 -1.6492 -1.64333
-1.65145 -1.64524
-1.65304  -1.6472
-1.65435  -1.6485
 -1.6556 -1.64968
-1.65642 -1.65066
-1.65744 -1.65149
-1.65801 -1.65232
-1.65875 -1.65295
-1.65914 -1.65344
-1.65951 -1.65393
-1.65992 -1.65431
-1.66017 -1.65471
-1.66032 -1.65492
-1.66056 -1.65526
 -1.6607 -1.65529
-1.66093 -1.65553
-1.66096 -1.65567
-1.66113 -1.65591
-1.66127 -1.65603
-1.66125 -1.65611
-1.66116 -1.65617
-1.66133 -1.65632
-1.66133 -1.65639
 -1.6615 -1.65651
-1.66137 -1.65649
-1.66131 -1.65662
 -1.6615 -1.65664
-1.66148 -1.65674
-1.66151 -1.65666
-1.6614 -1.6568
-1.66154 -1.65679
-1.66154 -1.65706
-1.66153 -1.65701
-1.66153 -1.65719
-1.66157 -1.65714
-1.66157 -1.65723
-1.66155 -1.65731
-1.66149 -1.65728
-1.66153 -1.65747
-1.66147 -1.65752
-1.66158 -1.65756
-1.66155  -1.6577
-1.66149 -1.65771
-1.66155  -1.6578
-1.66165 -1.65795
-1.66161 -1.65784
-1.66152 -1.65799
 -1.6616 -1.65803
-1.66158   -1.658
-1.66158  -1.6582
-1.66163 -1.65816
 -1.6617 -1.65825
-1.66167 -1.65824
-1.66165 -1.65846
-1.66153 -1.65847
-1.66171 -1.65851
-1.66174 -1.65871
 -1.6616 -1.65847
-1.66174 -1.65868
-1.66166 -1.65874
-1.66176 -1.65878
-1.66174 -1.65877
-1.66178 -1.65888
-1.66167 -1.65891
-1.66177 -1.65881
-1.66189 -1.65906
-1.66173  -1.6591
-1.66173 -1.65901
-1.66176 -1.65914
-1.66181 -1.65922
-1.66175 -1.65926
-1.66169 -1.65931
-1.66169  -1.6593
-1.66168 -1.65928
-1.66167 -1.65941
-1.66185 -1.65938
-1.66176 -1.65938
-1.66175 -1.65941
 -1.6617 -1.65949
<sx(0) sx(i)> =
       1        1
0.812658 0.806299
 0.78176 0.785794
0.698858 0.693499
0.683938 0.691968
0.679804 0.683897
0.673109 0.673203
0.711211 0.708657
0.698647 0.697456
0.689745 0.691132
0.675193 0.675323
0.654795 0.657381
0.675436 0.673602
0.723077  0.72695
0.716676 0.718167
0.694638 0.702634
0.692529 0.692012
0.726569 0.730751
0.703542 0.703566
 0.64257 0.643714
0.659241 0.662661
0.630599 0.623622
 0.70859 0.711158
0.710381 0.709132
0.651599 0.651156
0.673931 0.672406
0.677824 0.677603
0.700952 0.703586
0.686915 0.689362
0.669041 0.677375
0.683527 0.683352
0.684691 0.687566
0.685727 0.684762
 0.67218 0.664057
0.678982 0.672624
0.684716 0.682322
0.685551 0.679399
0.671445 0.667939
 0.64939 0.630225
 0.67897  0.67199
 0.67544 0.665952
0.675441 0.673212
0.672742 0.667958
0.616539 0.587331
0.661991 0.658653
0.640838 0.616138
0.663453 0.645722
0.646075 0.640869
0.593387 0.540608
0.658155 0.653558
0.593247 0.547561
0.633395 0.618445
0.599727 0.593025
0.571971 0.500551
0.650814 0.653411
0.553859 0.477659
0.610921 0.598029
0.555784 0.544624
0.558621 0.470782
0.648011 0.654029
0.528748 0.426416
0.539545 0.520913
0.606985 0.592791
0.524315 0.418254
0.653806 0.653598
0.556641 0.455141
 0.55109 0.542995
0.608209 0.602921
0.553381 0.458003
0.651722 0.651634
0.570586 0.468277
0.590815 0.585021
0.628913 0.626731
 0.59746 0.529437
0.648806 0.650416
0.592904 0.505458
0.634158 0.632397
0.649516 0.649028
0.643758 0.617437
0.661454 0.658407
 0.62577 0.563861
0.666281 0.663404
0.670021 0.673246
0.672974 0.674973
0.677378 0.681703
0.648509  0.61444
0.675448 0.673358
0.677587 0.679015
0.686238 0.693739
0.674175 0.675245
0.673146 0.653261
0.689939 0.685677
0.686024 0.687345
0.678648 0.678926
 0.67189 0.672626
0.685298  0.68197
0.705869 0.702924
0.674709 0.668605
0.670248 0.676135
0.652921 0.650777
0.708723 0.706915
0.706524 0.711345
0.629466 0.627622
 0.65969  0.66141
  0.6368 0.636386
 0.70402 0.708171
0.730367 0.729795
 0.68591 0.690523
0.698162 0.695418
0.720017 0.717492
0.729346 0.722379
0.671352 0.671144
0.657093 0.655474
0.673613 0.674755
0.685744  0.68395
0.696654 0.701486
0.702425 0.707372
0.667644 0.669357
 0.67341 0.674831
 0.68727 0.685728
0.690013 0.697045
0.712817 0.711413
0.688457 0.695562
0.789744 0.794473
<sz(0) sz(i)> =
           1            1
   -0.301941    -0.297786
   -0.202392    -0.202061
   0.0997597     0.102233
    0.024954    0.0243429
  -0.0540642   -0.0524201
  -0.0277496   -0.0280317
  -0.0248419   -0.0297675
  0.00552878  0.000330597
   0.0130163     0.016554
  -0.0034559    0.0018934
  -0.0113033   -0.0124467
  0.00372345  0.000807803
  -0.0177648   -0.0123914
  -0.0132296   -0.0170048
  0.00510356   0.00188863
 -0.00310769   0.00236551
 -0.00359379  -0.00105464
 -0.00451428   0.00275647
 -0.00523072  -0.00316772
  0.00239694  -0.00278756
  0.00447212   0.00127007
 -0.00745422  -0.00567078
 0.000516674  -0.00266511
  -0.0113972   -0.0030559
  0.00917846   0.00636841
 -0.00268993  0.000580553
  0.00054445  -0.00284914
 -0.00777761  -0.00620677
  0.00143015  -0.00424265
 -0.00407692  -0.00201683
 -0.00133107  -0.00136424
 -0.00326754  -0.00411527
 -0.00139662  -0.00157213
  0.00123462  -0.00100025
 -0.00749998    0.0026953
-0.000259073  0.000923136
  -0.0072079  0.000606335
-0.000509387   -0.0074203
  0.00120752  -0.00378564
  0.00904006   0.00174119
  0.00156502 -0.000549397
 -0.00641673   0.00489329
  0.00437656   0.00339688
 -0.00155724  -0.00145057
 -0.00412447  -0.00314115
  0.00188871  0.000494104
   0.0021907   0.00425462
 -0.00242678  -0.00327634
-8.95498e-05   -0.0016292
  0.00164825   0.00112519
 -0.00632702  -0.00500111
 -0.00425824 -7.76984e-05
 -0.00243103 -0.000733028
  0.00138842    0.0018147
   0.0011975  -0.00162718
  0.00642486  0.000606394
 -0.00253686   0.00230249
 0.000446303  0.000920884
 -0.00534729  -0.00680114
  0.00479828   0.00262359
 0.000449208  0.000839855
 -0.00593463  -0.00183881
   0.0011617  0.000947676
 -0.00101394   0.00534988
 -0.00400576  -0.00388486
 0.000300872 -6.64966e-05
 -0.00219146   0.00141021
  0.00490049   0.00334169
 -0.00260704  -0.00305703
 1.41004e-05  2.49621e-05
  0.00353837  -0.00201494
 -0.00649626  -0.00104281
 0.000832842  -0.00141878
   0.0109867   0.00174764
-0.000591687  -0.00694738
 -0.00229118  -0.00395882
 -0.00190024 -0.000716947
  0.00119355  0.000251764
 -0.00984278  -0.00523534
 -0.00932158    0.0023294
 -0.00308289  -0.00211243
 0.000874326   -0.0026712
  0.00193821  -0.00150852
  0.00829767    0.0031867
  0.00360193  -0.00371912
  0.00320379   0.00246027
  -0.0059936 -0.000295465
 -0.00333883   0.00454977
 -0.00311637 -8.63299e-06
 -0.00150547   0.00662266
  0.00326675  -0.00010269
 -0.00314855   0.00291417
  0.00171597  -0.00198941
   0.0019179   -0.0146913
  0.00380977  -0.00107539
  -0.0130619  -0.00834437
  0.00868785    0.0102965
  0.00326421  0.000915476
 -0.00330266   -0.0109551
  0.00148572   0.00105334
 -0.00741373  -0.00137533
  0.00114258  -0.00157227
 -0.00199618  -0.00456632
 -0.00246194   0.00160257
-0.000649331  -0.00317879
 -0.00427242  -0.00186039
  0.00528562   0.00494876
 -0.00404164  -0.00763805
 -0.00304732  -0.00230424
  0.00188002   0.00315904
  0.00116265 -0.000850145
 -0.00684518    0.0026655
 -0.00481993  -0.00478945
 -0.00373643  -0.00329482
   0.0037015  -0.00167025
 0.000598718   0.00506534
 -0.00416044   -0.0014255
 -0.00376176  -0.00268355
  0.00234502  -0.00668096
  0.00467595   0.00723811
  -0.0101541  -0.00965056
  0.00167607  -0.00245732
  0.00318565   0.00122841

real    656m11.897s
user    78486m17.401s
sys     10m16.327s
