time taskset -c 0-127 ./rbm-matfree-N100-M500-K3-opt -c 128 --model trappedion -h 2 -n 100 -m 400 --tol 1e-6 --reglam-init 150 --reglam-cutoff 1 --minres-rtol 1e-9 --correlation-data ioncorrN100M500K4.mat --lrate-init 0.05 --dump-rbm ionm500k3h2
Random seed is 2283814018
-1.94137 -1.91352 -1.90737
 -1.9635 -1.93079 -1.92437
-1.98133 -1.95096 -1.93747
-2.00995 -1.98325 -1.95332
-2.12917 -2.02568 -1.98596
-2.63888 -2.21111 -2.12849
-3.49658 -3.01905 -2.87129
-3.82999  -3.6806 -3.59895
-3.91183 -3.86581 -3.79948
-3.93412 -3.91563 -3.85576
-3.94354  -3.9333 -3.87643
-3.94584 -3.94012 -3.88593
 -3.9483 -3.94369 -3.89118
-3.94618 -3.94507  -3.8855
-3.94792 -3.94488 -3.87124
-3.94895 -3.94546 -3.89554
-3.94826   -3.899 -3.48722
-3.94866 -3.94393 -3.89994
-3.94878 -3.90048 -3.34044
-3.94889 -3.90091 -3.82892
 -3.9489 -3.94848 -3.90126
-3.94897 -3.93704 -3.90148
-3.94975 -3.94898 -3.90175
-3.94906 -3.94898 -3.90197
-3.94965 -3.94904 -3.90212
-3.94903 -3.94291 -3.90233
 -3.9497 -3.94904 -3.90253
-3.94904 -3.94848 -3.90261
-3.94964  -3.9491 -3.90279
-3.94907 -3.94781 -3.90295
-3.94974  -3.9491 -3.90304
-3.94908 -3.94806  -3.9032
-3.94974 -3.94906 -3.90327
-3.94907 -3.94863  -3.9034
-3.94972 -3.94908  -3.9035
-3.94909 -3.94842 -3.90364
-3.94973 -3.94905 -3.90372
-3.94916 -3.94907 -3.90386
 -3.9497  -3.9491 -3.90397
-3.94912 -3.94902 -3.90407
-3.94972 -3.94912 -3.90418
-3.94953 -3.94909 -3.90434
-3.94974  -3.9491 -3.90437
-3.94965 -3.94912 -3.90457
-3.94982 -3.94912 -3.90463
-3.94957 -3.94913 -3.90476
 -3.9498 -3.94912 -3.90483
-3.94972 -3.94914 -3.90495
-3.94984 -3.94914 -3.90504
-3.94971 -3.94913 -3.90517
-3.94983 -3.94916 -3.90529
-3.94974 -3.94916 -3.90537
-3.94983 -3.94914 -3.90543
-3.94983 -3.94917 -3.90556
-3.94984 -3.94917 -3.90562
-3.94985 -3.94919 -3.90575
-3.94985 -3.94916 -3.90578
-3.94983 -3.94919 -3.90588
-3.94984 -3.94918 -3.90598
-3.94984 -3.94916 -3.90604
-3.94984 -3.94918 -3.90612
-3.94986 -3.94919 -3.90621
-3.94986 -3.94919 -3.90629
-3.94985 -3.94917 -3.90634
-3.94986 -3.94918 -3.90643
-3.94986  -3.9492 -3.90652
-3.94985  -3.9492 -3.90654
-3.94986 -3.94919  -3.9066
-3.94986 -3.94918 -3.90666
-3.94985 -3.94918 -3.90673
-3.94986 -3.94921 -3.90679
-3.94985 -3.94919 -3.90686
-3.94986  -3.9492 -3.90692
-3.94986  -3.9492 -3.90695
-3.94986 -3.94918 -3.90702
-3.94986 -3.94918 -3.90705
-3.94986 -3.94919 -3.90709
-3.94986  -3.9492 -3.90716
-3.94986 -3.94919 -3.90721
-3.94985 -3.94921 -3.90725
-3.94986 -3.94919 -3.90728
-3.94985  -3.9492 -3.90731
-3.94985  -3.9492 -3.90738
-3.94985  -3.9492 -3.90741
-3.94986  -3.9492 -3.90748
-3.94985  -3.9492 -3.90751
-3.94986  -3.9492 -3.90753
-3.94985  -3.9492 -3.90758
-3.94985  -3.9492 -3.90759
-3.94986  -3.9492 -3.90761
-3.94986 -3.94922 -3.90768
-3.94986  -3.9492 -3.90771
-3.94986  -3.9492 -3.90773
-3.94986 -3.94921 -3.90775
-3.94986 -3.94921 -3.90778
-3.94986 -3.94921 -3.90779
-3.94986 -3.94921 -3.90783
-3.94986 -3.94923 -3.90786
-3.94986  -3.9492 -3.90789
-3.94985 -3.94919 -3.90791

real    32741m6.576s
user    4078827m39.256s
sys     141m18.066s
