---EPOCH 1---
time taskset -c 0-127 ~/rbm-code/c/run.sh ./rbm-matfree-N300-M300-K3-opt -c 128 --model trappedion -h 4 -n 25 -m 200 --tol 1e-6 --reglam-init 150 --reglam-cutoff 1 --minres-rtol 1e-9 --correlation-data ioncorrN300M300K3h4.mat --lrate-init 0.05 --dump-rbm ionh4train1 --lrate-decay 0.8 --seed 2216166645
Random seed is 2216166645
-3.95795 -3.93822   -3.937
-3.97839   -3.954 -3.95301
-3.98729 -3.96197 -3.96028
-3.99179 -3.96709 -3.96433
-3.99422 -3.97138 -3.96645
-3.99641 -3.97567 -3.96873
-3.99775 -3.97972 -3.97058
-3.99925 -3.98371 -3.97202
-4.00071 -3.98775  -3.9733
-4.00235 -3.99193 -3.97483
-4.00404 -3.99664 -3.97649
-4.00667  -4.0026 -3.97886
-4.01058 -4.00873 -3.98179
-4.01804 -4.01509 -3.98542
-4.02854 -4.02197 -3.98915
-4.04217 -4.03211 -3.99496
-4.06047  -4.0464 -4.00136
-4.08495 -4.06695 -4.00891
-4.11811 -4.09488  -4.0181
-4.16307 -4.13281 -4.03117
-4.21917 -4.18292 -4.04872
-4.28708 -4.24574 -4.07223
 -4.3641 -4.31791 -4.10563
-4.44256 -4.39655 -4.14925
-4.51873 -4.47614 -4.20578
