liuchang@node37:~/rbm-code/c$ time taskset -c 0-127 ~/rbm-code/c/run.sh ./rbm-matfree-N100-M200-K3-opt -c 128 --model trappedion -h 4 -n 50 -m 200 --tol 1e-6 --reglam-init 60 --reglam-cutoff 1 --minres-rtol 1e-9 --correlation-data ioncorrN100M200K3h4.mat --lrate-init 0.05 --dump-rbm ionh4train1
Random seed is 3400405072
-3.87303 -3.81993 -3.81096
-3.94962 -3.87922 -3.87036
-3.98386 -3.91866 -3.89862
   -4.01 -3.96467 -3.91793
-4.08532 -4.01548 -3.94522
-4.30195 -4.11767 -3.99442
 -4.6659 -4.42698 -4.08473
-4.88726 -4.78496 -4.37629
-4.95116 -4.92538 -4.69791
-4.96357 -4.95813 -4.81219
-4.96622   -4.965  -4.8439
-4.96668 -4.96665  -4.8567
-4.96727 -4.96719 -4.86278
-4.96737 -4.96712 -4.86667
 -4.9676 -4.96732 -4.86926
 -4.9675 -4.96736 -4.87161
-4.96751 -4.96734 -4.87335
-4.96749 -4.96734 -4.87477
 -4.9675 -4.96741 -4.87587
-4.96746 -4.96699 -4.87671
-4.96752 -4.96749 -4.87757
-4.96743 -4.96677  -4.8782
-4.96755 -4.96746 -4.87891
-4.96752 -4.96671 -4.87929
-4.96751 -4.96731 -4.87996
-4.96762  -4.9663 -4.88037
-4.96761  -4.9676 -4.88084
-4.9676 -4.9663 -4.8812
-4.96768 -4.96756 -4.88153
-4.96775 -4.96638 -4.88193
-4.96772 -4.96764 -4.88224
 -4.9678 -4.96709  -4.8825
-4.96772 -4.96766 -4.88266
-4.96786 -4.96725 -4.88308
-4.96785 -4.96784 -4.88328
-4.96784 -4.96756 -4.88347
-4.96797 -4.96794 -4.88368
-4.96791 -4.96764 -4.88382
-4.96797 -4.96794 -4.88402
-4.96798 -4.96794  -4.8842
-4.96809 -4.96792 -4.88439
-4.96802 -4.96799 -4.88451
-4.96807 -4.96798 -4.88467
-4.96806 -4.96799 -4.88472
-4.96804   -4.968 -4.88492
-4.96808 -4.96794 -4.88495
-4.96811   -4.968 -4.88515
-4.96812 -4.96805 -4.88528
 -4.9681 -4.96802 -4.88531
-4.96809 -4.96802 -4.88542
