time taskset -c 0-127 ./rbm-matfree-N32-M64-K2-opt -c 128 --model trappedion -h 1 -n 100 -m 200 --tol 1e-4 --reglam-init 1 --reglam-decay 0.9 --reglam-cutoff 0.2
Random seed is 3923901102
-0.895714  -0.85258
6.86463 8.69294
 -1.19176 -0.234549
-1.44492 -1.38607
-1.50818 -1.46579
-1.53351  -1.4956
-1.54766  -1.5124
 -1.5564 -1.52189
-1.56213  -1.5289
 -1.5656 -1.53325
-1.56786 -1.53653
-1.57007  -1.5392
-1.57118 -1.54152
-1.57295 -1.54328
-1.57311 -1.54435
-1.57421 -1.54577
-1.57475 -1.54622
-1.57472 -1.54676
-1.57539 -1.54752
-1.57563 -1.54811
-1.57577 -1.54892
-1.57604 -1.54935
-1.57612 -1.54985
-1.57645 -1.55035
-1.57633 -1.55007
-1.57671 -1.55112
-1.57645 -1.55105
-1.57683 -1.55169
-1.57681  -1.5518
-1.57687 -1.55203
-1.57725 -1.55256
-1.57713  -1.5527
-1.57706 -1.55252
 -1.5768 -1.55262
-1.57708 -1.55338
-1.57744  -1.5536
-1.57737  -1.5534
-1.57719 -1.55354
-1.57728 -1.55396
-1.57735 -1.55376
-1.57759 -1.55407
 -1.5776 -1.55446
-1.57798 -1.55436
-1.57752 -1.55462
-1.57762 -1.55484
-1.57755 -1.55449
  -1.578 -1.55495
-1.57761 -1.55447
-1.57773 -1.55472
-1.57772 -1.55492
-1.57771 -1.55516
-1.57735  -1.5551
-1.57771 -1.55503
-1.57772 -1.55566
 -1.5775 -1.55535
-1.57782 -1.55561
-1.57773 -1.55564
Converged after 57 steps.
<sx(0) sx(i)> =
       1        1
0.887293  0.81434
0.624974 0.539739
0.671727 0.633335
0.640919 0.546784
0.603837  0.51852
0.634753 0.497736
0.608722 0.548222
0.581126 0.360511
0.648209 0.588998
0.627849 0.438632
0.605623 0.542296
0.674917 0.659304
 0.65695 0.605302
0.612492 0.544977
0.668889 0.653084
0.657303 0.603235
0.621168 0.606862
0.653969 0.602241
0.672477 0.645103
0.599862  0.56347
0.623638 0.599712
0.639179 0.618555
0.577742 0.544916
0.605925 0.586549
0.622449 0.591483
0.607069 0.584535
0.618888 0.593605
0.667969 0.643461
0.624621 0.602151
0.595975 0.555061
0.683583 0.649789
<sz(0) sz(i)> =
           1            1
   -0.534334    -0.549025
    0.163805     0.227758
  -0.0492308    -0.108347
  -0.0911946    -0.172868
   0.0326292     0.111668
   0.0173209    0.0892416
  -0.0359516    -0.114439
 0.000945925   -0.0583678
   0.0044142     0.086367
  -0.0186586    0.0402992
 -0.00274352   -0.0678034
  -0.0113097    0.0109972
   0.0115238    0.0026949
 -0.00357645   -0.0102517
  -0.0175116   0.00243345
   0.0119696   0.00662414
  0.00487174    0.0126283
   -0.021152   -0.0297855
 -0.00587672   -0.0459202
   0.0101271    0.0534666
  0.00308413    -0.016756
 -0.00923678   -0.0285757
 -0.00516567  -0.00842808
  0.00507936    0.0230456
-0.000534339   0.00858121
  -0.0108328   -0.0251047
-0.000215336    -0.013144
 -0.00803071  -0.00181304
  0.00314734    0.0299777
 -0.00802889   -0.0529867
 -0.00806201    0.0388433

real    6m0.588s
user    767m59.010s
sys     0m1.723s
