time taskset -c 0-127 ./rbm-matfree-N112-M448-K2-opt -c 128 --model trappedion -h 1 -n 100 -m 400 --tol 1e-5 --reglam-init 40 --reglam-decay 0.9 --reglam-cutoff 0.2
Random seed is 1978531929
-0.980717 -0.963456
 -1.08039 -0.986278
-1.35574 -1.34319
-1.44029 -1.43203
-1.48526  -1.4796
-1.51571 -1.50754
-1.53748  -1.5311
-1.55688 -1.54954
-1.57061 -1.56409
 -1.5833 -1.57685
-1.59329 -1.58669
-1.60214  -1.5953
-1.60944 -1.60224
-1.61574 -1.60857
-1.62167 -1.61433
 -1.6262 -1.61883
-1.63003 -1.62265
-1.63352 -1.62626
-1.63648 -1.62913
-1.63885 -1.63133
-1.64071 -1.63327
-1.64257 -1.63519
-1.64391  -1.6365
-1.64519  -1.6378
-1.64621 -1.63913
-1.6469   -1.64
-1.64765 -1.64059
-1.64831 -1.64132
-1.64863 -1.64173
-1.64903 -1.64227
-1.64962 -1.64283
-1.64965 -1.64289
-1.65007 -1.64329
-1.65015 -1.64348
-1.65037 -1.64374
-1.65035 -1.64395
-1.65051   -1.644
-1.65054 -1.64412
-1.65057 -1.64438
-1.65071 -1.64436
-1.65059 -1.64451
-1.65079 -1.64459
-1.65104 -1.64468
-1.65087 -1.64473
-1.65077 -1.64483
-1.65087 -1.64485
-1.65096 -1.64503
-1.65097 -1.64509
-1.65097 -1.64516
-1.65085 -1.64518
-1.65106 -1.64532
-1.65105 -1.64503
-1.65105 -1.64535
-1.65101 -1.64532
-1.65124 -1.64536
-1.65098 -1.64534
-1.65093 -1.64541
 -1.6511 -1.64551
-1.65104 -1.64561
-1.65109 -1.64568
-1.65109 -1.64567
  -1.651 -1.64569
-1.65109 -1.64568
Converged after 63 steps.
<sx(0) sx(i)> =
       1        1
0.828071 0.823899
0.784405 0.789188
0.690309 0.691318
0.684383 0.690795
 0.67246 0.668435
0.685746 0.684153
0.728892 0.726642
0.699309 0.691325
0.658066 0.647254
0.711334 0.701812
0.642225 0.644238
0.677793 0.672854
 0.66919 0.664203
0.720341 0.718173
0.667611 0.676273
0.643407 0.651544
0.687406 0.686499
0.667666 0.636388
0.697197 0.692837
0.669716  0.67449
0.679476 0.665147
0.666147  0.63272
 0.71267 0.712712
0.675524 0.672527
0.623579  0.57204
0.677568 0.682995
0.630406 0.580651
0.705577 0.684895
0.686742 0.682627
0.661451 0.660363
0.678097 0.675913
0.668958 0.666136
0.677983 0.680971
0.669389 0.624521
0.669434 0.667779
0.677325 0.671179
0.675582 0.686058
0.673506 0.672881
0.669773 0.667515
0.657786 0.605706
0.669154 0.677459
0.673426  0.65514
0.671921 0.674148
0.672577 0.674234
0.632503 0.573076
0.637881 0.579272
0.661726 0.661784
0.655283 0.658526
0.685771 0.673903
 0.61343 0.556265
 0.59469 0.514934
0.648227 0.627341
0.618692 0.605693
0.690346 0.696043
0.604957 0.575744
0.560556 0.526942
0.636303 0.607534
0.587607 0.538791
  0.5788 0.568797
0.685606 0.693352
0.613916 0.600129
0.581513 0.532269
0.639211 0.616646
0.620134 0.625192
0.680931 0.678828
0.628745 0.628439
0.624983 0.596789
0.651229 0.640983
0.660457 0.661836
 0.68724 0.676438
0.665425 0.650237
0.651322 0.651185
0.665253 0.655983
0.674998 0.659849
0.687993 0.679832
0.669722 0.678498
0.673816 0.677898
  0.6644 0.661546
0.675732 0.645143
0.650803 0.632393
0.706178 0.686962
0.676746 0.638648
 0.62749 0.625472
0.674716 0.669952
 0.62973 0.637275
0.674467 0.656715
0.702428 0.702225
0.675357 0.672804
0.664373  0.66053
0.666617 0.654036
0.659833 0.652842
0.659912  0.65223
0.661052 0.653008
0.675538 0.679252
0.667986 0.660673
0.680717 0.678405
0.656742 0.657519
0.671902 0.672711
0.660538 0.659186
0.692068 0.693741
0.627085 0.628735
0.678889 0.674053
0.671112 0.669406
0.711468 0.720703
0.711233 0.706679
0.662385 0.665929
0.686275  0.68169
0.686886 0.683312
 0.69807 0.690147
0.685835 0.679107
 0.78955 0.790334
<sz(0) sz(i)> =
           1            1
   -0.336691    -0.335184
   -0.179436    -0.173533
    0.122081     0.120185
 0.000981244  -0.00656718
  -0.0712288   -0.0709587
 -0.00861025  -0.00619443
  -0.0293918   -0.0216238
   0.0257669    0.0309909
 -0.00532046   -0.0125702
  0.00602449 -0.000868236
 -0.00486124   0.00661906
  -0.0227764   -0.0340204
-0.000176574   -0.0110344
  -0.0130899  -0.00269133
-8.17848e-06   0.00274255
  0.00763883     0.014783
  0.00346481 -2.73068e-05
 -0.00410711   -0.0175726
 -0.00343427   -0.0119564
  -0.0083079   -0.0129421
 0.000143522    0.0160284
  0.00453287    0.0143343
 -0.00137616  -0.00772541
 -0.00218523  -0.00636946
 -0.00249772    -0.023557
 0.000179077   0.00896155
  0.00403235    0.0149911
 -0.00774798    -0.019713
 -0.00224466  0.000174348
 -0.00193314  -0.00763717
 0.000407588  -0.00630603
 -0.00448476 -0.000437113
  0.00114952  -0.00739952
  0.00225041    0.0176324
  0.00433908    0.0077703
  -0.0140582  -0.00336363
 -0.00126189  -0.00569123
 0.000300826   0.00676949
 -0.00107233  -0.00533392
  -0.0101443   -0.0233714
  0.00356673   0.00221452
  0.00635695   0.00610399
  0.00176876   0.00647342
 -0.00108616 -0.000398211
  0.00909578    0.0235605
  -0.0141615   -0.0216588
 -0.00677239  -0.00732917
  0.00398288   0.00261869
 -0.00232904  -0.00478033
  -0.0130297   -0.0236891
  0.00158723     0.021655
  0.00195653    0.0108169
  3.4018e-05   -0.0122996
 -0.00209183  -0.00786911
 -0.00321769   0.00923332
 0.000262721   -0.0201846
  -0.0100482   -0.0126862
   0.0074681    0.0124928
 -0.00236609    0.0145927
 -0.00155071   0.00264446
  0.00406114  -0.00827989
 -0.00130656  -0.00849813
 -0.00428311   0.00467373
  0.00629996  -0.00555777
  0.00114217  -0.00418905
  0.00409672    0.0087939
 0.000423673    0.0135998
 -0.00146404  -0.00912189
  -0.0112573  -0.00425047
 0.000993645  0.000686042
  0.00276742  -0.00835336
 -0.00640587  -0.00507851
  0.00372715    0.0106478
  0.00304033   0.00180342
 -0.00109804  0.000394916
 -0.00478344 -0.000333752
  0.00515671  -0.00625046
-0.000910264   -0.0120194
 -0.00223833   -0.0105351
  0.00177461    0.0116238
 -0.00107413  9.75687e-05
 -0.00133309    0.0115675
 -0.00174232   0.00139076
  0.00605765   0.00429391
 -0.00444571 -0.000124605
  -0.0103122   -0.0103909
  0.00187606  -0.00261824
 -0.00190016   0.00318922
 0.000517122  -0.00559525
  0.00160353   0.00999803
  0.00249038   0.00809556
 -0.00331006  -0.00938525
 -0.00193606  0.000178244
 -0.00524053  -0.00390009
 -0.00541537  -0.00645963
  0.00467964    0.0117657
 -0.00400259  -0.00412241
 -0.00489165   -0.0055771
  0.00488974   0.00561807
  0.00181443  -0.00115037
 -0.00697187  -0.00349688
   0.0045518   0.00310445
-0.000799431   0.00341662
 0.000364904  0.000885096
 -0.00309509  -0.00721741
 0.000650049   0.00364683
 -0.00494439  -0.00595405
  0.00333646   0.00568697
  0.00704812  -0.00232156
 -0.00407601  -0.00678336
 -0.00757586   -0.0037132

real    573m31.568s
user    61812m27.466s
sys     11m46.787s
