taskset -c 0-3 ./rbm-N8-M16-K2-opt --model trappedion -h 1 -n 100 -c 4 -m 500  --tol 1e-4 
Random seed is 2201341417
-0.798767 -0.365563
 -1.17747 -0.942193
-1.27778 -1.06246
-1.41791 -1.19495
-1.47564 -1.25917
-1.49327 -1.29031
-1.50788  -1.3043
-1.51691  -1.3219
-1.52164 -1.33658
-1.52632 -1.35712
-1.52813 -1.37166
-1.53036 -1.38309
 -1.5311 -1.39309
-1.51507 -1.36719
-1.52116 -1.42694
-1.52389 -1.44976
-1.52772 -1.46282
-1.52897 -1.47253
-1.53103 -1.47875
-1.5315 -1.4846
-1.53161 -1.48689
 -1.5327 -1.48803
-1.53257 -1.49329
-1.53283 -1.49309
-1.53324  -1.4949
-1.53346   -1.497
-1.53364 -1.49734
-1.53396 -1.49822
-1.53391 -1.49894
-1.53404 -1.49964
-1.53401 -1.49948
-1.53388 -1.50048
-1.53375 -1.50058
-1.53382 -1.50115
-1.53389 -1.50122
Converged after 35 steps.
<sx(0) sx(i)> =
       1        1
0.742021 0.594806
0.440589 0.301465
0.466951 0.286836
0.423461 0.216841
0.446293 0.268051
0.468604 0.345555
0.629236 0.545743
<sz(0) sz(i)> =
        1         1
-0.605113 -0.642887
 0.400259  0.520741
 -0.36806  -0.53594
 0.310783  0.530217
-0.306763 -0.506237
 0.223336  0.448664
 -0.21868  -0.35632
