taskset -c 0-127 ./rbm-matfree-N128-M256-K2-opt  -c 128 --model trappedion -h 1 -n 100 -m 200  --tol 1e-4 --reglam-init 40 --reglam-cutoff 0.2
Random seed is 726209130
-0.985101 -0.971839
-0.977518 -0.919828
  -1.178 -1.14353
-1.34679 -1.33346
  -1.419 -1.40974
-1.45837  -1.4464
-1.48667 -1.47512
-1.51192 -1.49895
-1.52921 -1.51675
-1.54767 -1.53304
-1.55838 -1.54483
-1.57091 -1.55667
-1.58115 -1.56768
-1.58935 -1.57537
-1.59731 -1.58248
-1.60339 -1.58827
-1.60961  -1.5949
-1.61486 -1.60007
-1.61967 -1.60534
-1.62382 -1.60991
-1.62743 -1.61398
-1.63085 -1.61804
-1.63448 -1.62145
-1.63677 -1.62442
-1.63902 -1.62733
-1.64131 -1.62982
-1.64348  -1.6326
-1.64525 -1.63438
-1.64688 -1.63673
-1.64781 -1.63822
-1.64927 -1.63965
-1.65011 -1.64123
-1.65096 -1.64261
-1.65197  -1.6434
-1.65267 -1.64453
-1.65319 -1.64531
-1.65363 -1.64598
-1.65405 -1.64645
-1.6545 -1.6473
-1.65489 -1.64775
-1.65509 -1.64791
 -1.6555 -1.64806
 -1.6557 -1.64846
-1.65585  -1.6486
-1.65595 -1.64914
-1.65605 -1.64933
-1.65636 -1.64926
 -1.6564 -1.64954
-1.65665 -1.64967
-1.65642 -1.64959
-1.65654 -1.64984
-1.65655 -1.64998
-1.65666 -1.64998
-1.65676 -1.65001
 -1.6569 -1.65019
-1.65675 -1.65026
-1.65682 -1.65013
Converged after 57 steps.
<sx(0) sx(i)> =
       1        1
0.831148 0.814033
0.810902 0.803831
0.675334  0.66959
0.691446 0.669262
0.682524 0.667026
0.699307 0.697271
0.719016 0.719208
0.697947 0.683069
0.652852 0.600746
0.706721 0.696296
0.634066 0.589409
0.663215 0.613393
0.681128 0.680943
0.650246 0.625688
0.718661 0.719604
0.672621 0.636372
0.669853  0.65612
0.659552 0.646917
0.719493 0.719491
0.678375 0.647878
0.610959  0.59761
 0.67225 0.673651
0.614426 0.618041
0.694022 0.695746
0.688288 0.671338
0.652046 0.634105
0.652089 0.622618
0.671378 0.636194
0.660684 0.631688
0.682149 0.686713
0.665931 0.646072
0.676483 0.680187
0.676258 0.678352
0.655986 0.630505
0.669914 0.656608
0.655422 0.654136
0.672186 0.656394
0.662027 0.651299
0.644977 0.646962
0.667811 0.679657
0.633986 0.642903
0.658967 0.627669
 0.62231 0.609239
0.642039 0.643906
0.652102  0.63365
0.602855 0.615776
0.595345 0.605183
0.665617 0.645129
0.647662 0.611805
0.656057 0.640705
0.635453 0.642602
0.564044 0.570961
0.671133 0.672847
 0.62518 0.626653
0.654789 0.649049
0.606399 0.613944
0.653635 0.634908
0.641472 0.642901
 0.62523 0.623599
0.678443 0.671807
0.645941 0.637006
  0.6006 0.575521
0.663519 0.658373
0.622727 0.608155
0.641752 0.630657
0.658433 0.662235
0.639398 0.639129
0.715401 0.714298
0.665636 0.675231
0.645385 0.644509
0.613941 0.606506
0.652522 0.658347
0.612448 0.598709
0.682659 0.677337
0.651586 0.661652
0.634751 0.634892
0.665232 0.647079
0.654299 0.660227
0.658103 0.651375
0.656501 0.649189
0.635874 0.631899
0.673358 0.656482
0.652514 0.646389
0.656675 0.652881
0.669049 0.667033
0.638224 0.618214
0.674389 0.680396
0.665172 0.658459
 0.66354 0.666314
0.670426 0.665087
0.651334 0.637429
0.676385 0.675183
0.667788 0.673409
0.667904 0.668079
0.672781 0.676799
0.666459  0.65314
0.663012 0.667801
0.681008 0.671904
0.662365 0.657929
0.689944   0.6768
0.708037 0.695489
0.631788 0.603284
0.667623 0.623314
0.621251 0.588291
0.684109 0.669778
0.708385 0.698715
0.668641 0.676396
0.680892 0.660323
0.670852 0.655704
0.685419 0.684778
0.657398 0.661424
0.678238 0.673958
0.679958 0.673967
0.715697 0.712393
0.670785 0.669656
0.646493 0.643194
0.683222 0.683722
0.678609 0.670526
0.694905 0.691832
0.708955 0.707025
0.671157 0.667643
0.673813 0.669288
0.684237 0.690433
 0.67878 0.678446
0.715797 0.715933
0.687844  0.68445
0.775587 0.777155
<sz(0) sz(i)> =
           1            1
     -0.3179    -0.314834
   -0.226037    -0.219588
    0.117833     0.127323
  0.00954547  -0.00751422
   -0.067715    -0.083535
  -0.0251799  -0.00396071
  -0.0199481   -0.0106769
   0.0271449     0.038402
  0.00486687   -0.0240075
  -0.0111611  -0.00133885
  0.00362451    0.0209067
  -0.0253565   -0.0514404
  0.00283893   -0.0173702
 -0.00419617   -0.0226788
 -0.00675883   -0.0119912
  0.00313234    0.0232739
 0.000678343   0.00580603
   0.0120983    0.0195423
 -0.00805476  -0.00975774
 -0.00714184   -0.0261394
 -0.00279425   -0.0153308
 -0.00250316   -0.0116375
  0.00315305    0.0147376
 -0.00409144   -0.0184086
   -0.004321    0.0197897
 -0.00170822    0.0153801
  -0.0120083   -0.0175229
  -0.0018517   -0.0147108
  0.00762296    0.0244864
 -0.00482658  -0.00423592
  0.00734495    0.0110144
 -0.00631335  -0.00407727
 0.000334281    0.0124001
   -0.011929   -0.0183054
  0.00190451    -0.011592
 -0.00382714   -0.0169541
-0.000995027    0.0104482
  -0.0101657   0.00454068
 0.000899639    0.0101941
  0.00546038     0.012274
  0.00372989   0.00845761
  -0.0128714   -0.0318161
 -0.00512141  -0.00433172
  0.00449077  -0.00550639
  0.00444866    0.0174263
  0.00229142   0.00341171
 -0.00413477   -0.0020371
 -0.00850251    0.0198306
  0.00409806   -0.0301918
  0.00512965  -0.00544215
 -0.00834426  -0.00173387
   0.0101602   0.00812104
 -0.00723215   0.00356028
  0.00139537    0.0130578
 -0.00940615   0.00557802
 -0.00824474   -0.0171459
 -0.00377724   -0.0208321
-0.000283844   0.00278384
  0.00436921  -0.00850984
   0.0092366    0.0085759
 -0.00110243    0.0121181
  0.00603504    0.0306056
 -0.00944892   -0.0100823
 -0.00503469   -0.0162934
  -0.0127447   -0.0164741
   0.0226868   0.00520384
  0.00344861    0.0165514
-0.000749287  -0.00800071
 -0.00657387   0.00196449
 -0.00511316   0.00128504
   0.0119501    0.0167999
-0.000861722   -0.0082789
 -0.00987522   -0.0256717
  -0.0155713  -0.00911624
  0.00519943  -0.00582443
   0.0115428   0.00869157
  0.00515014    0.0192249
   0.0037843  -0.00761243
  0.00691767   -0.0100427
  -0.0133202  -0.00246107
 -0.00500955   0.00743143
 -0.00912738   -0.0172789
  -0.0143957  0.000411364
  0.00465643   0.00292169
  0.00647653    0.0131328
-0.000578526   -0.0229371
 -0.00112921  -0.00254267
  0.00123111 -0.000137363
   -0.001224   -0.0117447
  0.00218595   -0.0117172
  0.00821204    0.0207723
  0.00423947    0.0081824
 -0.00534761  0.000191362
  -0.0100304  0.000811626
   -0.002243  -0.00853825
 -0.00272278   -0.0134491
  0.00452726   0.00367587
 0.000545313   0.00656406
   0.0121465    0.0227754
-0.000780425    0.0221867
   0.0121931    0.0126506
  -0.0110944   -0.0174213
 -0.00792855   -0.0344152
  0.00517056    0.0151419
  -0.0106908   -0.0154029
  0.00177231    0.0147121
  0.00425064    0.0171556
  -0.0188699   -0.0197238
  0.00876166   0.00686334
  -0.0121924   -0.0149951
  0.00638356   -0.0151336
 -0.00478107    0.0203279
 0.000779158   0.00679897
-0.000276564   -0.0119891
 -0.00100234   0.00514296
  0.00203504  -0.00305067
 -0.00711984  -0.00881766
 -0.00243789   0.00314101
  0.00283033    0.0106072
-0.000273612   0.00238299
  0.00547018  -0.00187643
 -0.00199241  -0.00167947
 -0.00894786  -0.00933339
  0.00603654   0.00794784
-7.04799e-05  7.04799e-05
-0.000610511 -0.000483239
 -0.00447246    0.0111912
