liuchang@node29:~/rbm-code-debian$ time taskset -c 0-127 ~/rbm-code/c/run.sh ./rbm-matfree-N128-M256-K2-opt -c 128 --model ising -h 1 -n 50 -m 200 --tol 1e-6 --reglam-init 80 --reglam-cutoff 1 --minres-rtol 1e-9 --correlation-data isingcorrN128M256K2h1train1.mat --lrate-init 0.05 --dump-rbm isingh1train1 --lrate-decay 0.8
Random seed is 3167519971
-0.971344 -0.961653
 -0.98086 -0.971445
-0.985807 -0.975523
-0.991115 -0.980725
  -0.9948 -0.984054
 -0.99824 -0.988899
-0.998925 -0.988474
-0.999016 -0.989417
 -1.00249 -0.992604
 -1.00235 -0.993329
 -1.00424 -0.994231
 -1.00417 -0.995242
 -1.00769 -0.998421
 -1.00937 -0.999502
-1.00953 -1.00021
-1.01245 -1.00359
-1.01365 -1.00475
-1.01639 -1.00732
-1.01684 -1.00882
  -1.019 -1.01147
-1.02072 -1.01272
-1.02423 -1.01526
-1.02688 -1.01876
-1.03084 -1.02254
-1.03278 -1.02585
 -1.0352 -1.02822
-1.03926 -1.03256
-1.04247 -1.03606
-1.04575 -1.03952
 -1.0495 -1.04296
-1.05484 -1.04819
-1.05899  -1.0524
-1.06371 -1.05743
-1.06937  -1.0618
-1.07399 -1.06645
-1.07748 -1.07083
-1.08367 -1.07694
-1.08965 -1.08335
-1.09458  -1.0875
-1.10167 -1.09536
 -1.1055 -1.09977
-1.11191 -1.10481
-1.11823 -1.11186
-1.12498 -1.11801
-1.13026 -1.12363
-1.13473 -1.12827
-1.14036 -1.13335
 -1.1452 -1.13813
-1.14856 -1.14193
-1.15427 -1.14784
Program exited with code 0
========
Success!
========

real    83m32.982s
user    10623m47.321s
sys     1m4.012s
liuchang@node29:~/rbm-code-debian$ time taskset -c 0-127 ~/rbm-code/c/run.sh ./rbm-matfree-N128-M256-K2-opt -c 128 --model ising -h 1 -n 50 -m 200 --tol 1e-6 --reglam-init 80 --reglam-cutoff 1 --minres-rtol 1e-9 --correlation-data isingcorrN128M256K2h1train2.mat --lrate-init 0.05 --load-rbm isingh1train1N128M256K2.mat --dump-rbm isingh1train2 --lrate-decay 0.8
Random seed is 512193549
-1.15934   -1.153
-1.16083 -1.15565
-1.16369 -1.15771
-1.16493 -1.15874
-1.16454 -1.16001
 -1.1665 -1.16116
-1.16763 -1.16227
-1.16792 -1.16415
 -1.1687 -1.16419
-1.16917 -1.16472
-1.17039 -1.16575
-1.17071 -1.16655
 -1.1714 -1.16766
-1.17237 -1.16756
-1.17292 -1.16864
-1.17375 -1.16951
-1.17568 -1.17064
-1.17592 -1.17172
 -1.1776 -1.17368
-1.17909 -1.17487
-1.18012 -1.17582
-1.18113 -1.17664
-1.18309 -1.17984
-1.18392 -1.17905
-1.18672 -1.18261
-1.18733 -1.18354
 -1.1891 -1.18468
-1.19123 -1.18711
-1.19259 -1.18814
-1.19409 -1.19024
-1.19605 -1.19224
 -1.1976 -1.19387
-1.19911 -1.19583
-1.20131 -1.19754
-1.20386 -1.20034
-1.20517 -1.20166
-1.20716  -1.2036
-1.20917 -1.20488
  -1.211 -1.20738
-1.21298 -1.20901
-1.21482 -1.21135
-1.21625 -1.21187
-1.21844 -1.21472
-1.22073 -1.21678
 -1.2225 -1.21862
-1.22406 -1.22014
-1.22517 -1.22135
-1.22673 -1.22302
-1.22806 -1.22451
-1.22908 -1.22564
Program exited with code 0
========
Success!
========

real    94m1.745s
user    11958m8.292s
sys     1m9.221s
liuchang@node29:~/rbm-code-debian$ time taskset -c 0-127 ~/rbm-code/c/run.sh ./rbm-matfree-N128-M256-K2-opt -c 128 --model ising -h 1 -n 50 -m 200 --tol 1e-6 --reglam-init 80 --reglam-cutoff 1 --minres-rtol 1e-9 --correlation-data isingcorrN128M256K2h1train3.mat --lrate-init 0.05 --load-rbm isingh1train2N128M256K2.mat --dump-rbm isingh1train3 --lrate-decay 0.8
Random seed is 1624152190
-1.23057  -1.2269
-1.23118 -1.22747
-1.23171 -1.22839
-1.23275 -1.22843
-1.23291 -1.22951
-1.23342 -1.22977
-1.23353 -1.23043
-1.23362 -1.23035
-1.23377 -1.23058
-1.23433 -1.23104
-1.23434 -1.23113
-1.23445 -1.23134
 -1.2349 -1.23167
-1.23542 -1.23216
-1.23506 -1.23189
 -1.2359 -1.23265
-1.23672 -1.23304
-1.23708 -1.23353
-1.23729 -1.23419
-1.23729 -1.23364
-1.23767  -1.2344
-1.23788 -1.23471
-1.23818 -1.23492
 -1.2388 -1.23564
-1.23968 -1.23625
-1.23955 -1.23645
-1.24079 -1.23743
-1.24037 -1.23738
-1.24105 -1.23823
-1.24178 -1.23867
-1.24263 -1.23943
-1.24274 -1.23963
-1.24342  -1.2405
 -1.2443 -1.24065
-1.24456 -1.24167
-1.24506   -1.242
-1.2456 -1.2426
-1.24633 -1.24294
-1.24652 -1.24342
-1.24728 -1.24427
-1.24781 -1.24487
 -1.2482 -1.24502
-1.24909 -1.24558
-1.24933 -1.24635
-1.25005 -1.24668
-1.25046 -1.24725
-1.25084  -1.2476
-1.25099 -1.24824
-1.25167  -1.2486
-1.25198 -1.24882
Program exited with code 0
========
Success!
========

real    96m56.043s
user    12304m18.031s
sys     1m7.647s
liuchang@node29:~/rbm-code-debian$ time taskset -c 0-127 ~/rbm-code/c/run.sh ./rbm-matfree-N128-M256-K2-opt -c 128 --model ising -h 1 -n 50 -m 200 --tol 1e-6 --reglam-init 80 --reglam-cutoff 1 --minres-rtol 1e-9 --correlation-data isingcorrN128M256K2h1train4.mat --lrate-init 0.05 --load-rbm isingh1train3N128M256K2.mat --dump-rbm isingh1train4 --lrate-decay 0.8
Random seed is 1538861318
-1.25257  -1.2494
-1.25281 -1.24993
-1.25284  -1.2498
-1.25319 -1.25022
-1.25315 -1.25024
-1.25356 -1.25071
-1.25352 -1.25056
-1.25358 -1.25092
-1.25385  -1.2508
-1.25389 -1.25128
-1.25411 -1.25121
-1.25391 -1.25114
-1.25406 -1.25122
-1.25427 -1.25148
-1.25438 -1.25155
-1.25428  -1.2516
-1.25464 -1.25168
-1.25479 -1.25171
-1.25467 -1.25172
-1.25462 -1.25192
-1.25483 -1.25212
-1.25505 -1.25218
-1.25522 -1.25253
-1.25518 -1.25252
-1.25534 -1.25292
-1.25575  -1.2528
-1.25589 -1.25321
-1.25583 -1.25331
-1.25626 -1.25339
 -1.2562 -1.25367
-1.25645 -1.25388
-1.25662 -1.25404
-1.25674 -1.25414
-1.25707 -1.25436
-1.25722  -1.2543
-1.25734 -1.25461
-1.25763 -1.25465
-1.25761 -1.25505
 -1.2581 -1.25534
-1.25807 -1.25517
-1.25814 -1.25538
-1.25859 -1.25577
-1.25852 -1.25581
 -1.2588 -1.25622
-1.25889 -1.25612
-1.25907 -1.25626
-1.25932 -1.25635
-1.25958 -1.25689
-1.25958  -1.2569
-1.25979 -1.25697
Program exited with code 0
========
Success!
========

real    98m3.568s
user    12453m50.809s
sys     1m11.710s
