taskset -c 0-3 ./rbm-N8-M16-K2-opt -c 4 --model longrange -h 1 -n 1000 -m 1000  --tol 1e-4
-0.947356 -0.222736
 -1.38597 -0.948518
-1.46588 -1.22137
-1.48709 -1.28089
-1.49998 -1.30964
 -1.5028 -1.32799
-1.50769 -1.33797
-1.50961 -1.34171
-1.51104 -1.35403
-1.51216 -1.36554
-1.51255 -1.37075
-1.51242 -1.38339
-1.51307     -1.4
-1.51326 -1.39367
-1.51302 -1.40387
-1.51239 -1.40332
-1.51224 -1.40546
-1.51256 -1.40762
-1.51464 -1.41703
-1.51204 -1.41061
-1.51285 -1.42018
-1.51428 -1.42103
-1.51471 -1.42576
 -1.5146 -1.42628
-1.51485 -1.42897
-1.51502  -1.4298
-1.51518 -1.43247
-1.51525 -1.43226
 -1.5154 -1.43406
-1.5155  -1.435
-1.51547 -1.43518
 -1.5152 -1.43469
-1.51541 -1.43622
-1.51567 -1.43558
-1.51562 -1.43675
-1.51542 -1.43619
-1.51543 -1.43634
-1.51529  -1.4364
-1.51576 -1.43666
 -1.5155 -1.43706
-1.51553 -1.43701
Converged after 41 steps.
<sx(0) sx(i)> =
         1          1
  0.677183 -0.0133937
    0.6267   0.116271
  0.605686   0.112517
  0.606785    0.12275
  0.601674   0.094912
  0.606435  0.0123816
  0.586558  -0.292065
<sz(0) sz(i)> =
         1          1
 -0.385085  -0.575915
 -0.197443  -0.177057
 -0.116683  -0.125317
 -0.124391 -0.0391087
  -0.14063   -0.27187
 -0.337185  -0.546315
  0.612403   0.945597
