taskset -c 0-5 ./rbm-N16-M32-K2-opt -c 6 --model longrange -h 1 -n 1000 -m 500  --tol 1e-4
-0.679807 -0.444103
 -1.1734 -1.06479
-1.33232 -1.21487
-1.41322   -1.292
-1.46044  -1.3368
-1.48947 -1.36684
-1.50564 -1.38721
-1.51353 -1.40268
-1.52048 -1.41103
-1.52385   -1.417
-1.52494 -1.42345
-1.52596 -1.42799
-1.52709 -1.43029
-1.52864 -1.43329
-1.52955 -1.43355
-1.52925 -1.43631
-1.53088  -1.4386
-1.53114 -1.44193
-1.53045 -1.43946
-1.52986 -1.44084
-1.53019 -1.44276
-1.52972 -1.44241
-1.53049 -1.44679
-1.52973 -1.44435
-1.53045   -1.448
-1.53108 -1.45099
-1.53106 -1.45484
-1.53149 -1.45672
-1.53116 -1.46101
-1.53159 -1.46274
-1.53199  -1.4642
  -1.532 -1.46406
-1.53199 -1.46834
 -1.5315 -1.46841
-1.53199 -1.46918
 -1.5321 -1.47096
-1.53221 -1.47222
-1.53203 -1.47431
-1.53178 -1.47518
-1.53213 -1.47669
-1.53211 -1.47709
-1.53205 -1.47792
-1.53226  -1.4784
-1.53208 -1.47996
-1.53215  -1.4798
-1.53219 -1.48009
-1.53205 -1.48098
-1.53221 -1.48073
-1.53214  -1.4818
-1.53219 -1.48192
-1.53229 -1.48225
 -1.5324 -1.48177
-1.53221 -1.48259
 -1.5324 -1.48307
-1.53233 -1.48303
Converged after 55 steps.
<sx(0) sx(i)> =
         1          1
   0.73081 -0.0124342
  0.677685   0.143302
  0.654849   0.103503
  0.663307   0.140505
  0.661129   0.131607
  0.657084   0.154698
  0.669553   0.141513
   0.65641   0.165474
  0.640069   0.136355
  0.636915   0.145362
  0.631275   0.134221
   0.64633   0.114867
  0.652169   0.128583
  0.642654 0.00130383
  0.658146  -0.303156
<sz(0) sz(i)> =
         1          1
 -0.330494  -0.592172
  -0.15564 0.00830662
-0.0607848  -0.209215
-0.0587223  0.0527223
-0.0383411  -0.130992
-0.0271153 -0.0155514
-0.0791865 -0.0581469
-0.0299862  0.0493196
-0.0556895   -0.14831
-0.0390903  0.0830903
 -0.032412  -0.106255
-0.0782743  -0.142392
 -0.118134  0.0181343
 -0.212632  -0.609368
  0.567572   0.939094
