taskset -c 0-127 ./rbm-matfree-N128-M256-K2-opt  -c 128 --model longrange -h 1 -n 1000 -m 200  --tol 1e-4 --reglam-init 40 --reglam-cutoff 0.2
Random seed is 2278957486
 -1.00074 -0.992064
 -1.2132 -1.11898
-1.36391  -1.1291
-1.42991 -1.36605
-1.50493 -1.48546
-1.54332 -1.52674
-1.55878 -1.54441
-1.57318 -1.55948
-1.58253 -1.56848
-1.59143 -1.57829
 -1.5983 -1.58479
-1.6045 -1.5914
-1.60918 -1.59621
-1.61429  -1.6012
-1.61828 -1.60488
-1.62192 -1.60898
-1.62405 -1.61187
 -1.627 -1.6147
-1.62905 -1.61692
-1.63134 -1.61895
-1.63281 -1.62047
-1.63445 -1.62232
-1.63573 -1.62352
-1.63688 -1.62486
-1.63788  -1.6261
-1.63905 -1.62709
 -1.6398 -1.62796
-1.64052 -1.62854
-1.64122 -1.62948
-1.64178 -1.63012
-1.64225  -1.6308
-1.64273 -1.63122
-1.64304 -1.63154
-1.64328 -1.63184
-1.64365 -1.63244
-1.64394 -1.63264
-1.64421 -1.63282
-1.64438 -1.63311
-1.64449 -1.63342
-1.64455 -1.63344
Converged after 40 steps.
<sx(0) sx(i)> =
       1        1
0.886749 0.877656
 0.80537 0.779127
0.799922 0.786689
0.785711 0.783873
0.779086 0.771686
0.778084 0.776073
0.783994 0.780682
0.778804 0.773144
0.780393 0.769829
0.780547 0.767584
0.773535  0.74814
0.774278 0.721907
 0.77887 0.736944
0.782211 0.775722
0.781659 0.771476
0.775996 0.771662
0.779064 0.770643
0.776028 0.766399
0.777575 0.765139
0.784667 0.772227
0.778851  0.76943
0.773255 0.770966
0.776452 0.769527
0.775615 0.765217
0.779173 0.758247
 0.77965 0.745609
0.777471  0.74858
0.775184 0.746041
0.779473 0.724381
0.780931   0.6968
0.782979 0.747472
0.782338 0.769908
0.776595 0.765006
0.777554 0.741046
0.775243 0.745349
0.777032 0.767573
0.780663 0.776882
0.777347 0.771951
0.774775 0.757991
0.777928 0.733861
0.774156 0.751061
0.776565 0.772493
0.775289 0.768721
0.777901 0.770262
0.776527 0.768142
0.779701 0.770223
0.784066 0.770012
0.778169 0.768207
0.776808 0.775902
0.775002 0.774759
0.773144 0.772438
 0.77555 0.768325
0.780287 0.768698
0.777467 0.761256
0.775394 0.755743
0.777139 0.751133
0.778676 0.743397
0.775807  0.76346
0.773157 0.769239
0.776158 0.766894
0.776695 0.767587
0.781503 0.763682
0.776522 0.770201
0.777689 0.766391
0.776482 0.770603
 0.77859 0.774792
0.779017 0.771605
0.774434  0.77274
0.778058 0.767213
0.776125 0.763444
0.778256 0.760696
0.776525 0.741915
0.781887 0.758037
0.782643 0.773676
0.777621 0.774351
0.775288 0.775603
0.781422 0.773025
0.781787  0.76595
0.778214  0.76854
0.780531 0.763295
 0.77855 0.762515
0.774705 0.748784
0.775622 0.759425
0.774322 0.767992
0.779173 0.750801
0.778804 0.742881
0.777019 0.747083
0.777578 0.762996
0.775935 0.768502
0.775123  0.76907
0.777639 0.770425
0.779301 0.765198
0.777257 0.740869
0.775408 0.728908
0.778798 0.750973
 0.78375 0.771351
0.778199 0.733891
0.780525 0.748226
0.782865 0.772227
0.772904 0.760894
0.777507 0.768492
0.779757 0.770777
0.778931 0.768903
0.777216 0.769922
0.772764 0.768126
0.771684 0.765998
 0.77649 0.751227
0.773466 0.737215
 0.77717 0.751986
0.777611 0.771947
0.776784 0.760938
0.775506 0.744452
 0.77137 0.741217
0.772167 0.759538
0.776714 0.766322
0.775292 0.767701
0.779057 0.767745
 0.77931 0.753875
0.774686 0.758272
0.769892 0.766833
0.765991  0.75492
 0.77012 0.751991
0.766526 0.756413
0.765564 0.757575
0.768755 0.760465
0.758467 0.733532
0.780701 0.757089
<sz(0) sz(i)> =
           1            1
   -0.302766    -0.316844
  -0.0759516   -0.0598296
  -0.0729037   -0.0777995
  -0.0434148   -0.0427571
  -0.0200139   -0.0145954
  -0.0126353  -0.00978662
  -0.0214267   -0.0269326
  -0.0166725   -0.0178587
  -0.0196781  -0.00711875
  -0.0199716   -0.0329971
  -0.0010801  0.000923855
 -0.00610533   -0.0138947
 -0.00170166    0.0110767
 -0.00751614  -0.00537449
   -0.017975   -0.0210875
  0.00336954   0.00522421
  -0.0189754   -0.0197746
 -0.00461693   -0.0154612
   0.0117975   0.00687433
  -0.0108039   -0.0129461
 -0.00769442  -0.00714933
   0.0026534   0.00156535
 -0.00693722  -0.00321903
  0.00150713   -0.0158821
 -0.00172609   0.00610109
 -0.00937212   -0.0105498
 -0.00625899  -0.00413164
  0.00474683  -0.00490308
  -0.0162066 -0.000199666
 -0.00997589   -0.0206491
 -0.00184969   0.00059969
 -0.00628848   0.00238223
  0.00257882   0.00851493
  0.00280039  -0.00819102
 -0.00335495    0.0075737
 -0.00953963  -0.00686662
  -0.0153123   -0.0054689
  0.00100431   0.00196444
  -0.0061803   -0.0210853
  0.00400611   0.00513451
  0.00298118  -0.00360618
  -0.0179234   -0.0070766
-0.000898373   0.00675775
   0.0105534  0.000384143
  -0.0138768    -0.013467
 -0.00594997   -0.0077219
  0.00166321   0.00435242
  -0.0182251  -0.00700926
  0.00500434  -0.00312934
  0.00862651   0.00715474
 -0.00480683   -0.0111307
  -0.0126599  -0.00304318
 -0.00328822  -0.00288366
 -0.00266673   0.00985423
  0.00536485   -0.0126305
  -0.0116346  -0.00445916
   0.0023516   -0.0109453
  0.00561774   0.00867913
 -0.00209978     0.012256
   0.0107253  -0.00939713
  0.00328084  -0.00359334
  -0.0148686  -0.00185018
  -0.0114952  -0.00209851
-1.41756e-05   -0.0033452
  0.00211792   0.00335083
 -0.00221226  -0.00356899
   0.0054738  -0.00789567
 -0.00385864  -0.00786011
  0.00376186    0.0145194
 -0.00132612  -0.00492388
   0.0027794  -0.00824815
-0.000242465   0.00438309
  -0.0107184  -0.00920343
 -0.00745254  0.000968169
 -0.00383333 -7.29247e-05
-0.000859729  -0.00570277
  0.00234717  0.000699702
  0.00671394   0.00180169
  0.00683574  -0.00519511
  -0.0171934  -0.00663469
    0.010491    0.0122433
 -0.00636188   0.00487751
  0.00182247   0.00763066
 0.000704165  -0.00367292
 0.000397638    0.0213211
-0.000168487  -0.00975339
  0.00366189    0.0121975
 -0.00768125  -0.00708437
 -0.00459577  -0.00204485
  0.00447273   0.00123039
  0.00368094  0.000928438
 -0.00311363  -0.00680825
  -0.0152944   -0.0172837
  0.00817787   0.00752526
  -0.0063005  -0.00549638
 -0.00758319   -0.0110887
  0.00082383   0.00581679
 -0.00298325  -0.00287612
 -0.00539511  -0.00835489
  -0.0019681   0.00220248
 -0.00889023  -0.00681289
 -0.00220045  -0.00248705
   0.0108035   0.00857149
 -0.00616822   -0.0143787
-0.000199879  -0.00495637
-0.000178551 -0.000837074
  0.00342613    0.0101676
  -0.0108605  -0.00859261
   0.0135682      0.01151
   -0.005922   0.00451575
-0.000458973  -0.00297853
 -0.00367421   0.00258046
   -0.012952   -0.0128292
  0.00415667  -0.00103167
 -0.00606342  -0.00276471
  -0.0108674   -0.0175701
-0.000520774   0.00223952
   0.0124179    0.0107853
 -0.00637566   -0.0163587
   0.0172975    0.0156712
 -0.00793567  -0.00901745
 -0.00184994   -0.0131501
 -0.00329941   0.00345566
  -0.0030252  0.000525204
 -0.00153869  -0.00252381
 -0.00108843  -0.00680219
 -0.00988947   0.00879572
