taskset -c 0-127 ./rbm-matfree-N64-M128-K2-opt  -c 128 --model longrange -h 1 -n 1000 -m 200  --tol 1e-4 --reglam-init 4 --reglam-cutoff 0.2
Random seed is 446968535
-0.989596 -0.930916
9.12321 37.2203
1.16274 37.1326
-1.21168 -1.07359
-1.24587 0.368311
  -1.3718 -0.769482
 -1.35216 -0.998998
  -1.1709 -0.911805
 -1.01126 -0.804209
-1.14313 -1.05218
-1.07873 -1.07573
-1.32866  -1.2382
-1.42511 -1.31632
-1.50298 -1.42941
-1.55441   -1.483
 -1.5793 -1.53178
-1.59364 -1.55127
-1.59962 -1.56844
-1.60439 -1.57673
-1.60498 -1.58019
-1.60885 -1.57895
-1.61022 -1.57402
-1.5897 -1.1663
-1.57461 -1.32683
 -1.5563 -1.37072
-1.54058 -1.35085
-1.52242  -1.4612
-1.51897 -1.41701
-1.52694 -1.49542
-1.52222 -1.49076
-1.55419 -1.50308
-1.55541 -1.51943
-1.57807 -1.53463
-1.58604 -1.55232
-1.59999 -1.56847
 -1.6084 -1.58137
-1.61661 -1.59067
-1.62147 -1.59713
-1.62501 -1.60148
-1.62748 -1.60416
 -1.6286 -1.60645
-1.62962 -1.60744
-1.6301 -1.6082
-1.63035 -1.60853
-1.63064   -1.609
-1.63077 -1.60918
-1.63074 -1.60942
-1.63092 -1.60944
-1.62892  -1.5977
-1.63007 -1.60854
-1.63075 -1.60864
-1.63071 -1.60944
 -1.6309 -1.60981
-1.63102 -1.61009
-1.63131 -1.61017
-1.63115 -1.61015
-1.63111 -1.61023
-1.63113 -1.61037
 -1.6312 -1.61036
Converged after 59 steps.
<sx(0) sx(i)> =
       1        1
0.890663 0.659711
0.790245 0.693484
0.784685 0.679564
0.770344 0.672349
0.768174 0.658894
0.763976 0.676134
0.768716 0.679247
  0.7683 0.683951
0.765201 0.687735
0.766649 0.690639
0.767452  0.68352
0.768411 0.684856
0.767898 0.652911
0.763195  0.64938
0.765198 0.672807
0.764002 0.684779
0.768346 0.688027
0.769928 0.679325
0.768572 0.681307
0.761102 0.665269
0.760665 0.672866
0.765003 0.686279
0.762975 0.678697
0.761763 0.638343
 0.76114 0.590027
0.760829  0.59338
0.761171 0.671963
0.763911 0.675246
 0.76312 0.676242
 0.76383 0.677374
0.767138   0.6838
0.764644 0.685943
0.765788 0.674749
0.763549 0.666583
 0.76762 0.662635
0.767077 0.678065
0.760023 0.685224
0.761272 0.676275
0.760194 0.654103
0.762065 0.648711
0.765758 0.676587
0.761446 0.668793
0.761364 0.648267
0.757965 0.630832
  0.7621 0.637651
 0.76296 0.664642
0.757918 0.658381
0.758185 0.647144
0.766692 0.663089
0.764593 0.652513
0.760202 0.581549
0.757476 0.615491
0.761287 0.676941
0.760041 0.669568
0.758565  0.67513
0.759383 0.628927
0.760608 0.637442
0.758846 0.668029
0.754858 0.665741
0.755064 0.660269
 0.75262 0.637589
0.735699 0.629839
0.766341 0.679216
<sz(0) sz(i)> =
           1            1
   -0.328299    -0.392873
  -0.0631741  -0.00416969
  -0.0686468    -0.120338
   -0.031944    0.0365534
   -0.032569   -0.0928998
  -0.0188893    0.0216237
  -0.0111423   -0.0154202
  -0.0189935   -0.0324128
  -0.0167189 -0.000859238
  -0.0113864    -0.019473
  -0.0173548     0.016808
 -0.00672351  -0.00866712
   -0.013587   -0.0768036
 -0.00312948    0.0572701
  -0.0152114   -0.0331479
  0.00268125    0.0116156
   0.0103121    0.0107817
  -0.0198423   -0.0450796
 -0.00742277   -0.0247647
  -0.0129612    0.0477268
 -0.00335366   -0.0396932
    -0.01423  -0.00162934
 -0.00373362     0.023968
  -0.0127681    -0.100669
   0.0114123     0.148119
  -0.0188283    -0.143437
   0.0050573    0.0579896
 -0.00177973    0.0139672
 -0.00502797   -0.0301283
 -0.00807182   -0.0215376
  0.00596194    0.0131787
  -0.0110196    0.0107071
 -0.00493344   -0.0106916
  -0.0113887   -0.0429863
  -0.0021664    0.0720102
  -0.0026181   -0.0327725
  0.00658148   0.00560602
 -0.00631796   -0.0444633
 -0.00941536    0.0741029
 -0.00483157   -0.0881372
 -0.00704313    0.0340744
-0.000536471   -0.0382917
   0.0145075    0.0821332
  -0.0186021    -0.101476
  0.00993331     0.101395
  -0.0136183   -0.0530224
  -0.0116109   -0.0522953
   0.0191592    0.0886533
  -0.0182733   -0.0759454
  0.00309345    0.0866722
  -0.0301211    -0.150582
   0.0127826     0.116358
-0.000524781   -0.0201002
  -0.0117502   -0.0351248
  -0.0032691   -0.0379809
   0.0187672     0.108108
  -0.0234829   -0.0959702
   0.0102937     0.056347
 -0.00723968   -0.0369791
  0.00019749    0.0620681
  -0.0142014   -0.0927517
   0.0112662    0.0841245
  -0.0188252   -0.0676592
