taskset -c 0-127 ./rbm-matfree-N32-M64-K2-opt  -c 128 --model longrange -h 1 -n 1000 -m 200  --tol 1e-4 --reglam-init 4 --reglam-cutoff 0.2
Random seed is 2143321698
-0.914543 -0.809999
-1.41097 -1.13481
-1.50652 -1.42473
-1.53614 -1.46538
-1.55267 -1.49543
-1.56686 -1.51832
-1.57714 -1.52822
-1.58401 -1.53705
-1.58874 -1.54126
-1.59365 -1.54691
-1.59687 -1.55047
 -1.5993 -1.55317
-1.60211 -1.55601
-1.60349 -1.55791
-1.60501 -1.55963
-1.60615 -1.56136
  -1.607 -1.56193
-1.60744 -1.56315
-1.60787  -1.5638
-1.60846 -1.56465
-1.60871 -1.56502
-1.60884 -1.56553
-1.60959 -1.56599
-1.60967 -1.56646
-1.60953 -1.56695
-1.60948 -1.56734
-1.60969 -1.56728
-1.60984 -1.56792
-1.60969 -1.56798
-1.60996 -1.56828
-1.61014 -1.56842
-1.61053 -1.56856
-1.61007 -1.56846
-1.61018  -1.5689
   -1.61 -1.56879
-1.61031 -1.56945
-1.61008 -1.56885
-1.61042 -1.56945
-1.61034 -1.56975
-1.61024 -1.56965
-1.61043 -1.56976
Converged after 41 steps.
<sx(0) sx(i)> =
       1        1
0.885752  0.78664
0.779278 0.737926
0.771468 0.708943
0.767647 0.676749
0.767712 0.701087
0.761275 0.720816
0.767353 0.700467
0.762603 0.699918
0.763362 0.687264
0.759104 0.698507
0.757771 0.716371
 0.75601 0.707174
0.758337 0.691637
0.759729 0.680343
0.759282 0.636677
0.756334 0.626938
0.758335  0.72318
0.755529 0.613895
0.750489 0.656872
0.753495 0.699707
0.752657 0.692641
0.752946 0.715397
0.748323 0.701108
0.749079 0.710847
0.748675 0.693638
0.750777 0.639903
0.748006  0.59818
0.743849  0.58883
0.739542 0.572517
0.736669 0.502447
0.764012 0.628953
<sz(0) sz(i)> =
           1            1
   -0.331261    -0.359599
   -0.063893   -0.0390757
  -0.0528415     -0.11419
   -0.037048    0.0505636
  -0.0394115   -0.0882448
  -0.0219335   -0.0348633
  -0.0207613    0.0284957
   -0.023358   -0.0571107
 -0.00735529    0.0485272
  -0.0167124    -0.065397
  -0.0252058    0.0117683
 -0.00277655   -0.0111297
  -0.0173636   -0.0466207
 -0.00532883    0.0515788
  -0.0205417   -0.0542239
  0.00023727     0.029294
  -0.0175852  -0.00780545
 -0.00918002   -0.0940231
  0.00345741    0.0677926
  -0.0104075   -0.0199831
  0.00203517 -0.000941416
  -0.0122459   -0.0197853
  -0.0129335  -0.00808217
 -0.00655536   0.00944598
 -0.00290133  -0.00569242
  -0.0153405   -0.0177845
 -0.00203235   -0.0322645
   -0.016377    0.0662207
  -0.0104026    -0.129597
  -0.0143103     0.132123
  -0.0132931    -0.108816
