taskset -c 0-3 ./rbm-N8-M16-K2-opt --model longrange -h 1 -n 100 -c 4 -m 500  --tol 1e-4 
Random seed is 2231471237
-0.461344 -0.420869
 -0.87146 0.0166442
-1.17719 -1.07508
-1.32116 -1.18808
-1.39434 -1.24308
-1.43677 -1.27439
-1.46647 -1.28507
-1.48947 -1.30991
 -1.5021 -1.33189
-1.51102 -1.34138
-1.51812 -1.34759
-1.52111  -1.3524
-1.52401 -1.36075
-1.52577  -1.3503
-1.52771 -1.36167
-1.52862 -1.34715
-1.53117 -1.37366
-1.53231 -1.37624
-1.53329 -1.37703
-1.53138 -1.37333
  -1.533 -1.36904
-1.53281 -1.37937
-1.53307 -1.37515
-1.53337   -1.374
-1.5339  -1.382
  -1.534 -1.37916
-1.53297 -1.38009
-1.53463 -1.38219
-1.53558  -1.3821
-1.53479 -1.38421
-1.53492 -1.38481
-1.53471 -1.38264
-1.53479 -1.38106
-1.53409 -1.38261
-1.53496 -1.38384
-1.53483 -1.38454
-1.53521  -1.3859
-1.53516 -1.38577
-1.53547 -1.38562
-1.53529 -1.38706
-1.53518 -1.38554
-1.5349 -1.3843
 -1.5343 -1.38752
-1.53524 -1.38661
-1.5352 -1.3879
 -1.5341 -1.38667
-1.53521 -1.38688
-1.53539 -1.38808
-1.53541 -1.38742
-1.53477 -1.38915
-1.53521 -1.38753
-1.53526 -1.38859
-1.53587 -1.38927
 -1.5356 -1.38888
-1.53539 -1.39002
-1.53527 -1.38964
-1.53488 -1.38859
-1.53537 -1.38923
-1.53566 -1.39056
-1.53531  -1.3897
-1.53539 -1.38963
-1.53582 -1.38885
-1.53538 -1.39024
-1.53559 -1.39052
Converged after 64 steps.
<sx(0) sx(i)> =
        1         1
 0.880977  0.680467
 0.781327  0.640221
  0.74745  0.606287
 0.711417  0.568147
 0.742893  0.556055
 0.722582 0.0866839
 0.755316  0.156098
<sz(0) sz(i)> =
         1          1
 -0.363095  -0.469905
-0.0985341 0.00553405
-0.0611263 -0.0538737
-0.0265514 -0.0414486
-0.0272056  -0.157794
-0.0383587   0.382359
-0.0381153  -0.378885
