time taskset -c 0-127 ./rbm-matfree-N32-M64-K2-opt -c 128 --model periodicising -h 1 -n 100 -m 400 --tol 1e-3 --reglam-cutoff 0.1
 -0.130997 -0.0333104
 -0.34607 -0.280695
-0.554434 -0.523626
-0.730089 -0.697862
-0.882326 -0.846256
 -1.00576 -0.965593
-1.08955 -1.04733
-1.13974 -1.09738
-1.17113 -1.13215
 -1.1904 -1.15684
-1.20328 -1.17573
-1.21133 -1.19079
-1.21805 -1.20239
-1.22223 -1.21164
-1.22567 -1.21949
-1.22837  -1.2255
-1.23128 -1.23076
 -1.2354 -1.23484
 -1.2389 -1.23815
-1.24175 -1.24075
-1.24439 -1.24305
-1.24592 -1.19345
-1.24781 -1.21295
-1.24921 -1.15637
-1.25064  -1.0876
-1.25185 -1.04894
-1.25285 -1.02538
-1.25407   -1.013
 -1.2548 -1.00365
-1.25564 -1.00137
-1.25618  -1.0053
-1.25662 -1.01139
-1.25706 -1.00944
 -1.2574 -1.02445
-1.25779 -1.03368
-1.25826  -1.0445
-1.25839 -1.04901
-1.25871 -1.06383
-1.25883 -1.07433
-1.25918 -1.08055
-1.25937 -1.09375
-1.25993 -1.09897
-1.25982 -1.10581
-1.26035 -1.11898
-1.26053 -1.12466
-1.26062  -1.1293
  -1.261 -1.13752
-1.26104 -1.14252
-1.26124 -1.15031
-1.26155 -1.15429
-1.26162 -1.16406
-1.26182  -1.1708
-1.26217 -1.17341
-1.26225 -1.17983
-1.26256 -1.18602
-1.26291 -1.18731
-1.26267 -1.19423
-1.26305 -1.20069
 -1.2633 -1.20044
-1.26361 -1.20498
-1.26369 -1.20879
-1.26398 -1.21064
-1.26399 -1.21664
 -1.2642 -1.21607
-1.26434 -1.21803
-1.26467  -1.2211
-1.26463 -1.22198
-1.26504  -1.2257
-1.26511 -1.22702
-1.26529 -1.22716
Converged after 70 steps.
<sx(0) sx(i)> =
0.999906 0.977262
0.644684 0.644369
0.515849 0.502709
0.490867 0.448763
0.480253 0.414885
0.473281 0.391886
0.460144 0.393244
0.454715 0.380056
0.446967 0.381711
0.440533 0.389666
0.448169 0.388387
0.453357 0.385707
0.453433  0.39153
0.452341 0.405402
0.457199 0.428663
0.464097 0.457179
0.479338 0.479932
0.482239 0.509287
0.487526 0.514742
0.484833 0.518029
 0.48518 0.512503
0.481076 0.499752
0.475046 0.486995
0.478044 0.468279
0.473212 0.457236
0.467715 0.448038
 0.45857 0.461379
0.463891 0.470035
0.477415 0.483354
0.492308 0.500448
0.510383  0.53468
0.635976 0.672073
<sz(0) sz(i)> =
   0.999906    0.977262
   0.569765    0.517677
   0.410717    0.366958
   0.292606    0.273156
   0.202605    0.233743
   0.139283     0.21269
  0.0850482    0.206026
  0.0359888    0.196491
 0.00257558    0.193772
  -0.022676    0.193868
 -0.0391558    0.196363
 -0.0514312    0.195083
 -0.0504016    0.194249
 -0.0477847    0.190578
 -0.0381805    0.172145
 -0.0283362    0.148434
-0.00779182    0.125624
 0.00971207   0.0901907
  0.0249617    0.057597
  0.0411233   0.0277636
  0.0528885   0.0061156
  0.0713916  -0.0203956
  0.0928206  -0.0410434
   0.110791  -0.0537011
   0.142073  -0.0488504
   0.175505  -0.0355632
   0.202333 0.000186838
    0.23847   0.0554555
   0.283442    0.124312
   0.347204    0.216175
   0.440836    0.334262
   0.569196    0.512933

real    39m33.807s
user    5058m36.533s
sys     0m3.257s
